2 0.4171875 0.37890625 0.20390625 0.23515625
2 0.72265625 0.24921875 0.1390625 0.18984375
2 0.49609375 0.1859375 0.16171875 0.2375
2 0.6671875 0.553125 0.16484375 0.1875
2 0.56640625 0.3453125 0.1125 0.18046875
2 0.684375 0.41171875 0.1375 0.165625
2 0.52421875 0.49765625 0.12421875 0.16796875
2 0.35546875 0.24609375 0.13203125 0.1703125
2 0.36953125 0.6 0.1765625 0.2421875
2 0.31171875 0.75390625 0.20625 0.2921875
2 0.23359375 0.35390625 0.1796875 0.16796875
2 0.8578125 0.28828125 0.16640625 0.1984375
2 0.778125 0.76171875 0.2515625 0.303125
2 0.5234375 0.68828125 0.2078125 0.26171875
2 0.8703125 0.61015625 0.175 0.20078125
2 0.79765625 0.446875 0.12109375 0.1609375
2 0.29296875 0.1125 0.15234375 0.22421875
2 0.140625 0.596875 0.27421875 0.453125
2 0.1390625 0.121875 0.16015625 0.20078125
2 0.6046875 0.096875 0.134375 0.15
2 0.64375 0.25390625 0.09765625 0.18046875
2 0.12265625 0.290625 0.15390625 0.159375
2 0.484375 0.92109375 0.140625 0.1578125
2 0.709375 0.1296875 0.1109375 0.09765625
2 0.92109375 0.8921875 0.15546875 0.20234375
2 0.04296875 0.20546875 0.0859375 0.1453125
2 0.77890625 0.11015625 0.08359375 0.09765625
2 0.896875 0.1703125 0.1140625 0.1
2 0.8578125 0.10859375 0.08203125 0.09140625
2 0.346875 0.04453125 0.13203125 0.0890625
2 0.53203125 0.0390625 0.12578125 0.078125
2 0.03671875 0.0859375 0.0734375 0.1546875
2 0.7625 0.04375 0.08359375 0.0875
2 0.64609375 0.9484375 0.20390625 0.09375
2 0.03203125 0.3375 0.0640625 0.2046875
2 0.94765625 0.07421875 0.1015625 0.121875
2 0.91796875 0.44140625 0.16015625 0.19375
2 0.8515625 0.046875 0.1375 0.09375
2 0.20703125 0.03046875 0.109375 0.0609375
2 0.81328125 0.15 0.0765625 0.06953125
2 0.09765625 0.02734375 0.08515625 0.0546875
2 0.44375 0.11015625 0.05390625 0.0765625
2 0.6046875 0.48125 0.078125 0.09140625