2 0.36640625 0.1328125 0.19140625 0.221875
2 0.715625 0.3 0.09765625 0.13984375
2 0.60703125 0.8640625 0.21953125 0.265625
2 0.3921875 0.665625 0.275 0.3609375
2 0.22578125 0.85 0.25703125 0.2953125
2 0.83984375 0.865625 0.24453125 0.25546875
2 0.13671875 0.64765625 0.209375 0.2765625
2 0.80078125 0.13671875 0.18984375 0.26328125
2 0.64375 0.58671875 0.20546875 0.2625
2 0.2609375 0.41328125 0.2 0.334375
2 0.859375 0.58671875 0.20546875 0.26171875
2 0.9296875 0.2 0.1359375 0.2375
2 0.421875 0.4265625 0.14921875 0.20859375
2 0.52734375 0.38203125 0.1 0.20390625
2 0.640625 0.15546875 0.11171875 0.12578125
2 0.1734375 0.12421875 0.11640625 0.171875
2 0.8828125 0.42734375 0.1671875 0.253125
2 0.815625 0.35390625 0.1171875 0.16796875
2 0.12734375 0.39140625 0.11171875 0.234375
2 0.046875 0.31015625 0.09375 0.26484375
2 0.94921875 0.04609375 0.0875 0.090625
2 0.128125 0.28046875 0.125 0.15859375
2 0.05546875 0.16875 0.1078125 0.21796875
2 0.028125 0.4984375 0.05546875 0.2078125
2 0.56875 0.1359375 0.0765625 0.1234375
2 0.02265625 0.72265625 0.0453125 0.22890625
2 0.55703125 0.06796875 0.1765625 0.13359375
2 0.059375 0.9578125 0.11875 0.0828125
2 0.7265625 0.7765625 0.0921875 0.13125
2 0.0265625 0.12734375 0.053125 0.13515625
2 0.53125 0.31015625 0.07890625 0.06796875
2 0.0671875 0.0484375 0.12421875 0.096875
2 0.2890625 0.03515625 0.07890625 0.06953125