2 0.27265625 0.428125 0.1703125 0.12265625
2 0.775 0.42421875 0.16484375 0.2328125
2 0.6828125 0.528125 0.1421875 0.1703125
2 0.4203125 0.85703125 0.1609375 0.2390625
2 0.5328125 0.82734375 0.12890625 0.22265625
2 0.3015625 0.82578125 0.11328125 0.19375
2 0.6609375 0.78984375 0.14453125 0.1953125
2 0.76328125 0.92421875 0.16875 0.1453125
2 0.2890625 0.63671875 0.13671875 0.184375
2 0.4625 0.67109375 0.13359375 0.17421875
2 0.6671875 0.1046875 0.15703125 0.20703125
2 0.071875 0.45546875 0.1078125 0.16015625
2 0.93046875 0.36328125 0.12421875 0.1609375
2 0.54609375 0.2296875 0.125 0.1953125
2 0.54296875 0.47109375 0.1390625 0.24765625
2 0.14765625 0.615625 0.14140625 0.1640625
2 0.815625 0.20390625 0.21015625 0.2609375
2 0.6734375 0.28671875 0.10859375 0.1953125
2 0.14765625 0.840625 0.21015625 0.30390625
2 0.9140625 0.48359375 0.1640625 0.24921875
2 0.03046875 0.31640625 0.0609375 0.2046875
2 0.096875 0.9109375 0.1125 0.165625
2 0.03828125 0.1109375 0.0765625 0.22109375
2 0.075 0.1703125 0.0921875 0.2203125
2 0.9171875 0.86328125 0.1 0.1609375
2 0.3078125 0.26015625 0.1359375 0.125
2 0.4109375 0.14296875 0.1421875 0.15703125
2 0.1984375 0.14453125 0.1515625 0.2390625
2 0.28984375 0.12734375 0.12890625 0.1609375
2 0.06328125 0.74453125 0.1265625 0.1671875
2 0.19765625 0.35859375 0.11796875 0.1625
2 0.0453125 0.6140625 0.08984375 0.17890625
2 0.6296875 0.965625 0.12109375 0.065625
2 0.825 0.77890625 0.1859375 0.13203125
2 0.14921875 0.3140625 0.1375 0.14921875
2 0.82109375 0.06171875 0.12421875 0.1140625
2 0.91640625 0.06640625 0.0828125 0.11015625
2 0.6515625 0.425 0.0671875 0.1
2 0.459375 0.46953125 0.146875 0.27578125
2 0.2765625 0.03046875 0.1 0.0609375
2 0.2234375 0.71171875 0.09765625 0.16875
2 0.1296875 0.071875 0.0703125 0.12890625
2 0.4828125 0.378125 0.0765625 0.10234375
2 0.5171875 0.128125 0.08515625 0.11015625
2 0.55546875 0.05 0.09296875 0.096875
2 0.4578125 0.26640625 0.06953125 0.1390625
2 0.1890625 0.02890625 0.0859375 0.05703125
2 0.5640625 0.67109375 0.06875 0.13046875
2 0.6234375 0.834375 0.06875 0.1
2 0.659375 0.65859375 0.1296875 0.10546875
2 0.84921875 0.88046875 0.090625 0.10390625
2 0.86640625 0.6765625 0.1296875 0.13359375