2 0.38515625 0.9453125 0.06953125 0.09921875
2 0.33828125 0.615625 0.0640625 0.08828125
2 0.2828125 0.54765625 0.0640625 0.0953125
2 0.37265625 0.51796875 0.06875 0.0953125
2 0.3578125 0.76484375 0.078125 0.1015625
2 0.2421875 0.48828125 0.0671875 0.0953125
2 0.63046875 0.8921875 0.065625 0.10625
2 0.378125 0.16484375 0.0609375 0.10234375
2 0.7015625 0.35234375 0.06015625 0.09140625
2 0.10546875 0.67109375 0.07109375 0.10234375
2 0.296875 0.9296875 0.0640625 0.09140625
2 0.88046875 0.1140625 0.065625 0.09375
2 0.4375 0.89375 0.06171875 0.08984375
2 0.3015625 0.68515625 0.06953125 0.103125
2 0.36953125 0.409375 0.07890625 0.09921875
2 0.7890625 0.89296875 0.0828125 0.1265625
2 0.43359375 0.1671875 0.05703125 0.09765625
2 0.13203125 0.453125 0.071875 0.1
2 0.46484375 0.959375 0.06796875 0.08125
2 0.8890625 0.41796875 0.0578125 0.08515625
2 0.1328125 0.57265625 0.0625 0.0890625
2 0.89609375 0.9578125 0.06484375 0.084375
2 0.86640625 0.33984375 0.05625 0.08359375
2 0.765625 0.70859375 0.065625 0.0890625
2 0.94375 0.82109375 0.10078125 0.15
2 0.25859375 0.62421875 0.0640625 0.08984375
2 0.478125 0.075 0.06015625 0.08515625
2 0.90859375 0.4890625 0.0578125 0.0828125
2 0.78046875 0.37734375 0.05703125 0.07578125
2 0.79296875 0.4609375 0.0734375 0.10546875
2 0.49921875 0.41171875 0.053125 0.0765625
2 0.696875 0.89921875 0.06953125 0.109375
2 0.2984375 0.17265625 0.06875 0.10625
2 0.96796875 0.15 0.05390625 0.07421875
2 0.96171875 0.4859375 0.05 0.08359375
2 0.9234375 0.065625 0.05546875 0.0734375
2 0.7984375 0.14375 0.05625 0.08203125
2 0.42109375 0.08828125 0.05390625 0.07578125
2 0.60078125 0.71484375 0.0546875 0.0875
2 0.54375 0.828125 0.07734375 0.11484375
2 0.9609375 0.21640625 0.05234375 0.084375
2 0.55390625 0.64921875 0.0734375 0.08984375
2 0.1890625 0.784375 0.0640625 0.09765625
2 0.87109375 0.26875 0.06015625 0.0828125
2 0.734375 0.29375 0.0515625 0.07265625
2 0.3640625 0.859375 0.0578125 0.09296875
2 0.4515625 0.809375 0.0734375 0.1015625
2 0.3296875 0.35625 0.06484375 0.078125
2 0.1765625 0.50390625 0.04609375 0.08828125
2 0.2546875 0.90390625 0.0671875 0.1
2 0.02421875 0.8515625 0.0484375 0.103125
2 0.07421875 0.409375 0.0484375 0.0921875
2 0.15703125 0.72109375 0.06953125 0.09296875
2 0.4921875 0.6546875 0.071875 0.075
2 0.90859375 0.590625 0.07109375 0.08828125
2 0.2921875 0.2578125 0.05546875 0.078125
2 0.24609375 0.80390625 0.07109375 0.09921875
2 0.63515625 0.12265625 0.05390625 0.078125
2 0.73046875 0.13515625 0.06015625 0.08515625
2 0.65703125 0.26875 0.053125 0.07734375
2 0.9265625 0.38125 0.06171875 0.0953125
2 0.24765625 0.2 0.06171875 0.10234375
2 0.478125 0.14453125 0.0484375 0.078125
2 0.98125 0.5640625 0.0375 0.084375
2 0.2453125 0.6875 0.05859375 0.0875
2 0.1421875 0.36953125 0.0765625 0.08671875
2 0.5859375 0.32265625 0.059375 0.084375
2 0.86484375 0.73984375 0.065625 0.08828125
2 0.6078125 0.8015625 0.06171875 0.1
2 0.61484375 0.540625 0.0484375 0.0734375
2 0.06171875 0.5796875 0.08203125 0.10078125
2 0.28984375 0.4703125 0.0515625 0.0734375
2 0.88671875 0.81953125 0.0515625 0.09140625
2 0.4734375 0.58671875 0.0546875 0.0765625
2 0.0484375 0.31796875 0.0796875 0.13515625
2 0.55234375 0.20078125 0.06171875 0.084375
2 0.5703125 0.9296875 0.0734375 0.1078125
2 0.95078125 0.3109375 0.071875 0.07421875
2 0.646875 0.4953125 0.05546875 0.084375
2 0.6875 0.22265625 0.04921875 0.0765625
2 0.10859375 0.87734375 0.0640625 0.08125
2 0.490625 0.25546875 0.0484375 0.0765625
2 0.15625 0.0453125 0.0578125 0.090625
2 0.7828125 0.646875 0.0734375 0.0890625
2 0.88515625 0.1765625 0.053125 0.053125
2 0.8453125 0.40625 0.06015625 0.10703125
2 0.3375 0.21328125 0.053125 0.08359375
2 0.32421875 0.290625 0.04609375 0.06875
2 0.52265625 0.29296875 0.05390625 0.07109375
2 0.8609375 0.87890625 0.07578125 0.12734375
2 0.05390625 0.23359375 0.0703125 0.10234375
2 0.86953125 0.53828125 0.053125 0.071875
2 0.509375 0.921875 0.065625 0.09453125
2 0.85234375 0.6078125 0.06171875 0.084375
2 0.66484375 0.7421875 0.07109375 0.0796875
2 0.696875 0.528125 0.05390625 0.08359375
2 0.24921875 0.0359375 0.0546875 0.071875
2 0.4640625 0.45 0.0546875 0.07890625
2 0.1875 0.4203125 0.053125 0.0828125
2 0.1078125 0.334375 0.05625 0.08984375
2 0.0375 0.0875 0.05703125 0.0921875
2 0.28671875 0.33203125 0.0578125 0.0703125
2 0.0453125 0.67578125 0.059375 0.0921875
2 0.2078125 0.36015625 0.059375 0.0859375
2 0.32421875 0.0421875 0.0484375 0.07578125
2 0.5234375 0.34765625 0.05625 0.078125
2 0.0421875 0.53515625 0.059375 0.0734375
2 0.74296875 0.95078125 0.0515625 0.0828125
2 0.0734375 0.0296875 0.0515625 0.059375
2 0.3875 0.24140625 0.05 0.0734375
2 0.83671875 0.1578125 0.04140625 0.0671875
2 0.96484375 0.9359375 0.065625 0.09140625
2 0.32578125 0.5015625 0.06015625 0.090625
2 0.640625 0.37421875 0.0734375 0.12734375
2 0.746875 0.23046875 0.06484375 0.08828125
2 0.41875 0.55 0.05859375 0.0828125
2 0.7640625 0.334375 0.06484375 0.084375
2 0.3796875 0.04140625 0.05546875 0.07890625
2 0.15234375 0.18125 0.046875 0.07109375
2 0.76796875 0.81796875 0.05546875 0.07578125
2 0.56171875 0.378125 0.05234375 0.075
2 0.81015625 0.24453125 0.04609375 0.06796875
2 0.47578125 0.31796875 0.05078125 0.075
2 0.03203125 0.1640625 0.05234375 0.0734375
2 0.57109375 0.5046875 0.06796875 0.096875
2 0.609375 0.23984375 0.05703125 0.071875
2 0.72578125 0.0578125 0.0453125 0.065625
2 0.15546875 0.253125 0.06875 0.08671875
2 0.08984375 0.0859375 0.0515625 0.08046875
2 0.65078125 0.63359375 0.065625 0.09921875
2 0.57265625 0.02734375 0.0515625 0.053125
2 0.5578125 0.73828125 0.05703125 0.08515625
2 0.41328125 0.721875 0.053125 0.08203125
2 0.92734375 0.1265625 0.04296875 0.07578125
2 0.11875 0.21875 0.059375 0.115625
2 0.21953125 0.26796875 0.05390625 0.0765625
2 0.3390625 0.9078125 0.0546875 0.09140625
2 0.29140625 0.06171875 0.04453125 0.0703125
2 0.1015625 0.1609375 0.05625 0.07578125
2 0.1703125 0.9375 0.09140625 0.1078125
2 0.9390625 0.55078125 0.05234375 0.08203125
2 0.6078125 0.065625 0.0453125 0.06015625
2 0.40234375 0.865625 0.0484375 0.0828125
2 0.2609375 0.36484375 0.05 0.06796875
2 0.2390625 0.09375 0.05625 0.07578125
2 0.8203125 0.83359375 0.04765625 0.084375
2 0.4828125 0.5234375 0.0578125 0.07734375
2 0.20078125 0.184375 0.06015625 0.08359375
2 0.96171875 0.08515625 0.04765625 0.06796875
2 0.48359375 0.203125 0.0515625 0.06953125
2 0.728125 0.5875 0.06484375 0.096875
2 0.6078125 0.45546875 0.0515625 0.06953125
2 0.54453125 0.42890625 0.0484375 0.0765625
2 0.40234375 0.3421875 0.053125 0.0828125
2 0.0171875 0.49453125 0.034375 0.0890625
2 0.7171875 0.67890625 0.0484375 0.08828125
2 0.51796875 0.0765625 0.03984375 0.08203125
2 0.01953125 0.44609375 0.0390625 0.08671875
2 0.68046875 0.440625 0.04921875 0.084375
2 0.5140625 0.4828125 0.04765625 0.075
2 0.41875 0.28046875 0.05625 0.0875
2 0.9203125 0.67109375 0.071875 0.1265625
2 0.5625 0.26484375 0.04453125 0.075
2 0.9640625 0.66015625 0.05703125 0.090625
2 0.0328125 0.02109375 0.03828125 0.04140625
2 0.82421875 0.04140625 0.04765625 0.078125
2 0.89921875 0.22421875 0.0515625 0.07109375
2 0.1421875 0.11328125 0.0484375 0.07578125
2 0.20234375 0.059375 0.0484375 0.08671875
2 0.184375 0.12734375 0.040625 0.06796875
2 0.52734375 0.97421875 0.06875 0.05078125
2 0.73828125 0.76953125 0.0515625 0.06796875
2 0.11796875 0.034375 0.034375 0.05703125
2 0.68828125 0.81171875 0.08515625 0.0875
2 0.8296875 0.52265625 0.0515625 0.075
2 0.73125 0.41640625 0.05234375 0.0875
2 0.73828125 0.87734375 0.03671875 0.0609375
2 0.75234375 0.50546875 0.0453125 0.07734375
2 0.65859375 0.5671875 0.0515625 0.06953125
2 0.128125 0.79609375 0.05234375 0.07265625
2 0.08125 0.48515625 0.04609375 0.07421875
2 0.403125 0.46796875 0.05625 0.06875
2 0.3640625 0.3 0.04375 0.07421875
2 0.0578125 0.9109375 0.05546875 0.06796875
2 0.6265625 0.028125 0.0453125 0.05390625
2 0.2234375 0.59921875 0.05390625 0.08984375
2 0.2546875 0.31171875 0.0484375 0.0671875
2 0.66171875 0.05234375 0.0484375 0.06171875
2 0.08203125 0.746875 0.05390625 0.0703125
2 0.96328125 0.021875 0.0515625 0.04296875
2 0.28203125 0.409375 0.04765625 0.06640625
2 0.43515625 0.6328125 0.0390625 0.065625
2 0.0875 0.9609375 0.06015625 0.06953125
2 0.20703125 0.51875 0.0453125 0.0796875
2 0.67421875 0.02109375 0.0453125 0.04140625
2 0.68671875 0.1671875 0.04375 0.053125
2 0.921875 0.2859375 0.03984375 0.05859375
2 0.36171875 0.67734375 0.04765625 0.075
2 0.46640625 0.3765625 0.0453125 0.0671875
2 0.59453125 0.15 0.034375 0.05625
2 0.32578125 0.83046875 0.046875 0.0765625
2 0.81875 0.29453125 0.0578125 0.065625
2 0.921875 0.92265625 0.04609375 0.07265625
2 0.93046875 0.18671875 0.0375 0.05
2 0.7453125 0.01875 0.04765625 0.0375
2 0.128125 0.52265625 0.05703125 0.0546875
2 0.45 0.07734375 0.0390625 0.0796875
2 0.0484375 0.43125 0.0375 0.07109375
2 0.0203125 0.30703125 0.03203125 0.0515625
2 0.146875 0.31171875 0.0421875 0.0453125
2 0.29140625 0.8375 0.04609375 0.0609375
2 0.64140625 0.9734375 0.0578125 0.053125
2 0.315625 0.125 0.06640625 0.06484375
2 0.5390625 0.128125 0.05234375 0.0796875
2 0.5296875 0.0296875 0.0375 0.05859375
2 0.85078125 0.97890625 0.0640625 0.0421875
2 0.1765625 0.58359375 0.05 0.078125
2 0.315625 0.6 0.0375 0.06328125
2 0.1140625 0.40234375 0.0375 0.06328125
2 0.16328125 0.65234375 0.053125 0.059375
2 0.78359375 0.03515625 0.0453125 0.04765625
2 0.9671875 0.7546875 0.04765625 0.053125
2 0.44140625 0.35546875 0.0375 0.0671875
2 0.78125 0.07421875 0.06484375 0.0703125
2 0.1875 0.0171875 0.05234375 0.03359375
2 0.9875 0.0484375 0.02421875 0.05234375
2 0.2640625 0.7453125 0.0453125 0.06171875
2 0.8671875 0.021875 0.05234375 0.04375
2 0.4734375 0.01328125 0.04765625 0.0265625
2 0.56640625 0.10078125 0.053125 0.084375
2 0.33671875 0.078125 0.0515625 0.05859375
2 0.2015625 0.675 0.03984375 0.0625
2 0.6875 0.103125 0.04921875 0.08046875
2 0.7890625 0.778125 0.04375 0.0640625
2 0.45 0.2484375 0.0359375 0.06875
2 0.69375 0.296875 0.03984375 0.05078125
2 0.0671875 0.80546875 0.05546875 0.09140625
2 0.17578125 0.2171875 0.034375 0.0546875
2 0.17265625 0.846875 0.0484375 0.06640625
2 0.4984375 0.0265625 0.03984375 0.04140625
2 0.51796875 0.2015625 0.02890625 0.059375
2 0.02109375 0.953125 0.0421875 0.07421875
2 0.43671875 0.41953125 0.034375 0.059375
2 0.24375 0.4203125 0.03203125 0.0484375
2 0.03359375 0.396875 0.03046875 0.04921875
2 0.4734375 0.8796875 0.034375 0.0609375
2 0.07265625 0.196875 0.0375 0.0390625
2 0.42890625 0.0234375 0.04140625 0.04375
2 0.240625 0.1484375 0.0328125 0.0421875