2 0.11796875 0.4046875 0.071875 0.09765625
2 0.5921875 0.6578125 0.0640625 0.10078125
2 0.77890625 0.840625 0.08671875 0.12734375
2 0.35546875 0.36015625 0.0765625 0.09765625
2 0.22734375 0.4390625 0.065625 0.09296875
2 0.0921875 0.625 0.0734375 0.1078125
2 0.35703125 0.471875 0.0671875 0.090625
2 0.2390625 0.8578125 0.0703125 0.103125
2 0.9296875 0.771875 0.1015625 0.146875
2 0.61953125 0.83984375 0.071875 0.10546875
2 0.8515625 0.83125 0.06875 0.1125
2 0.17734375 0.73515625 0.0671875 0.103125
2 0.43984375 0.75625 0.08203125 0.11015625
2 0.453125 0.921875 0.0703125 0.103125
2 0.11953125 0.52578125 0.06171875 0.090625
2 0.3625 0.1140625 0.06171875 0.10078125
2 0.340625 0.71796875 0.08359375 0.103125
2 0.059375 0.36171875 0.05078125 0.090625
2 0.28359375 0.1234375 0.0703125 0.10078125
2 0.88125 0.90546875 0.0671875 0.090625
2 0.51484375 0.94765625 0.071875 0.10078125
2 0.28828125 0.6375 0.0703125 0.09765625
2 0.0390625 0.1859375 0.071875 0.103125
1 0.20859375 0.55390625 0.05078125 0.08828125
2 0.89765625 0.540625 0.0703125 0.0953125
1 0.19609375 0.47421875 0.04921875 0.08125
2 0.4046875 0.94921875 0.065625 0.1015625
1 0.0734375 0.03671875 0.05234375 0.0734375
2 0.853125 0.68515625 0.065625 0.10078125
2 0.1421875 0.67265625 0.065625 0.090625
2 0.23203125 0.1578125 0.06171875 0.0953125
2 0.684375 0.846875 0.06875 0.10546875
2 0.23203125 0.640625 0.05859375 0.090625
2 0.09609375 0.83359375 0.065625 0.08359375
2 0.59609375 0.7546875 0.065625 0.103125
2 0.26953125 0.5015625 0.065625 0.0953125
2 0.78359375 0.409375 0.0734375 0.103125
2 0.315625 0.30625 0.065625 0.0734375
2 0.24609375 0.575 0.0640625 0.090625
2 0.53203125 0.7828125 0.0796875 0.11484375
2 0.753125 0.659375 0.06875 0.09765625
1 0.0859375 0.1125 0.05703125 0.078125
2 0.1265625 0.32265625 0.0734375 0.090625
2 0.32421875 0.5671875 0.0640625 0.090625
2 0.1390625 0.20703125 0.065625 0.090625
2 0.87890625 0.36171875 0.05546875 0.0859375
1 0.153125 0.60390625 0.05390625 0.06640625
1 0.26875 0.359375 0.04765625 0.06640625
2 0.14140625 0.965625 0.0671875 0.06875
2 0.54140625 0.60078125 0.0703125 0.08828125
2 0.0328125 0.63125 0.06171875 0.0953125
1 0.16328125 0.534375 0.05234375 0.078125
2 0.23515625 0.75703125 0.071875 0.09765625
1 0.453125 0.328125 0.04765625 0.06875
2 0.77421875 0.58984375 0.078125 0.090625
2 0.284375 0.8875 0.065625 0.08359375
2 0.55546875 0.87890625 0.08515625 0.10546875
2 0.09140625 0.28515625 0.05546875 0.0859375
2 0.35078125 0.81015625 0.05703125 0.090625
2 0.04609375 0.53515625 0.078125 0.10546875
2 0.63828125 0.58828125 0.0734375 0.1078125
2 0.68984375 0.3 0.06171875 0.090625
2 0.40703125 0.5 0.05859375 0.08359375
2 0.4953125 0.87109375 0.06171875 0.0859375
2 0.71953125 0.9546875 0.0703125 0.090625
2 0.65703125 0.6828125 0.078125 0.10546875
2 0.17421875 0.3703125 0.05390625 0.08359375
2 0.37109375 0.8984375 0.065625 0.0953125
2 0.2796875 0.2109375 0.05546875 0.078125
2 0.0359375 0.271875 0.071875 0.1375
1 0.125 0.0640625 0.05078125 0.078125
1 0.18671875 0.13515625 0.05390625 0.08359375
2 0.45 0.40078125 0.05703125 0.08125
1 0.42734375 0.30625 0.0375 0.06875
1 0.80546875 0.24140625 0.05859375 0.06640625
2 0.89609375 0.4359375 0.05703125 0.08359375
1 0.71640625 0.359375 0.05390625 0.08125
2 0.40703125 0.03828125 0.05546875 0.07109375
1 0.5515625 0.04921875 0.05078125 0.0734375
2 0.859375 0.215625 0.06171875 0.08359375
2 0.3265625 0.859375 0.05859375 0.090625
2 0.68203125 0.47578125 0.05390625 0.078125
2 0.05859375 0.75390625 0.1140625 0.11015625
2 0.41796875 0.1125 0.05546875 0.09296875
2 0.9484375 0.16015625 0.05078125 0.0859375
2 0.15546875 0.89609375 0.08515625 0.10078125
2 0.57421875 0.27109375 0.06015625 0.0859375
2 0.425 0.846875 0.06171875 0.0859375
1 0.8296875 0.3578125 0.05546875 0.09765625
2 0.55859375 0.45 0.06875 0.090625
2 0.19375 0.3109375 0.06015625 0.08828125
2 0.71875 0.08203125 0.06171875 0.0859375
2 0.975 0.51015625 0.04765625 0.08828125
2 0.5390625 0.15234375 0.065625 0.08828125
2 0.83828125 0.5609375 0.05859375 0.08828125
2 0.7703125 0.325 0.06015625 0.07109375
2 0.84296875 0.95078125 0.06875 0.08828125
2 0.63515625 0.44453125 0.05703125 0.0859375
2 0.85390625 0.28828125 0.05390625 0.08125
2 0.621875 0.07109375 0.05703125 0.078125
2 0.91328125 0.32578125 0.06171875 0.09765625
2 0.178125 0.078125 0.05859375 0.0734375
2 0.51015625 0.29921875 0.05859375 0.078125
2 0.46328125 0.0328125 0.0640625 0.065625
2 0.60390625 0.4890625 0.05078125 0.07109375
1 0.46953125 0.4765625 0.06015625 0.07578125
1 0.97890625 0.62109375 0.0421875 0.0953125
2 0.90859375 0.62109375 0.075 0.13984375
2 0.784375 0.08828125 0.05859375 0.08359375
1 0.403125 0.228125 0.05703125 0.08828125
2 0.934375 0.95703125 0.071875 0.07578125
2 0.665625 0.76875 0.0703125 0.0859375
2 0.9515625 0.88203125 0.0671875 0.08828125
2 0.0296875 0.4890625 0.05859375 0.07109375
1 0.0203125 0.1140625 0.040625 0.07109375
2 0.47734375 0.20234375 0.04921875 0.07109375
2 0.57734375 0.9609375 0.0671875 0.078125
2 0.32265625 0.16328125 0.05078125 0.08125
2 0.203125 0.21953125 0.05390625 0.07578125
1 0.103125 0.171875 0.05859375 0.1125
2 0.46328125 0.09296875 0.04765625 0.0734375
2 0.459375 0.53515625 0.05546875 0.07578125
2 0.2046875 0.925 0.06015625 0.08125
2 0.9484375 0.43359375 0.05078125 0.08359375
1 0.246875 0.31640625 0.05234375 0.0734375
1 0.7921875 0.5171875 0.04921875 0.078125
1 0.3890625 0.29296875 0.05234375 0.08125
1 0.53125 0.37734375 0.04921875 0.078125
2 0.52890625 0.68125 0.08359375 0.08828125
2 0.6296875 0.32109375 0.0765625 0.12734375
2 0.02421875 0.04140625 0.0484375 0.0828125
2 0.40234375 0.6703125 0.05234375 0.08125
1 0.778125 0.72578125 0.0421875 0.0640625
1 0.88671875 0.16875 0.05078125 0.0734375
1 0.93828125 0.25234375 0.06875 0.078125
2 0.246875 0.96953125 0.075 0.0609375
1 0.98046875 0.3 0.0390625 0.07578125
2 0.48671875 0.36171875 0.05234375 0.07578125
2 0.01796875 0.80234375 0.0359375 0.10078125
1 0.9140625 0.06953125 0.04375 0.07578125
2 0.1625 0.45703125 0.04765625 0.090625
2 0.31171875 0.44453125 0.05546875 0.07578125
1 0.05 0.96640625 0.053125 0.0671875
1 0.34765625 0.62890625 0.04921875 0.07578125
2 0.75 0.28046875 0.06171875 0.08125
1 0.4640625 0.83125 0.0359375 0.0640625
2 0.309375 0.24296875 0.04765625 0.06875
1 0.03828125 0.38515625 0.04765625 0.078125
2 0.46953125 0.153125 0.05078125 0.06640625
1 0.98046875 0.36875 0.0390625 0.07109375
2 0.7328125 0.175 0.0640625 0.090625
1 0.71640625 0.54765625 0.0671875 0.125
2 0.27890625 0.2828125 0.05078125 0.07109375
1 0.95 0.03046875 0.04765625 0.0609375
2 0.1375 0.13125 0.04921875 0.07109375
1 0.07578125 0.91328125 0.05703125 0.06640625
1 0.43515625 0.19453125 0.034375 0.0609375
1 0.35078125 0.2515625 0.04765625 0.07578125
1 0.81171875 0.78203125 0.05546875 0.08359375
2 0.87578125 0.76328125 0.05234375 0.090625
2 0.39453125 0.5953125 0.0765625 0.103125
2 0.70234375 0.63828125 0.05234375 0.090625
1 0.18828125 0.62890625 0.0421875 0.0609375
2 0.9546875 0.0921875 0.05078125 0.07109375
2 0.046875 0.86875 0.05390625 0.06640625
1 0.06640625 0.44140625 0.04765625 0.0734375
2 0.678125 0.16796875 0.05546875 0.08125
2 0.4625 0.26484375 0.04921875 0.0734375
2 0.98125 0.11484375 0.0375 0.078125
1 0.25390625 0.703125 0.05078125 0.0734375
2 0.278125 0.4203125 0.05234375 0.06640625
1 0.72734375 0.7171875 0.05234375 0.07109375
1 0.0546875 0.109375 0.02421875 0.05625
1 0.7375 0.45078125 0.04375 0.0734375
2 0.59765625 0.1859375 0.05859375 0.0734375
1 0.2953125 0.3515625 0.0375 0.05625
1 0.55 0.21171875 0.04765625 0.07109375
2 0.86796875 0.0578125 0.065625 0.090625
2 0.75703125 0.7671875 0.05703125 0.078125
2 0.390625 0.8140625 0.04609375 0.08359375
2 0.6453125 0.215625 0.05546875 0.078125
1 0.79921875 0.19140625 0.04921875 0.06875
1 0.22578125 0.04140625 0.05859375 0.078125
1 0.159375 0.1703125 0.0375 0.0515625
1 0.09921875 0.36171875 0.0375 0.05625
2 0.55 0.32734375 0.05078125 0.07109375
2 0.56484375 0.5296875 0.05703125 0.078125
2 0.37265625 0.1921875 0.04921875 0.07109375
2 0.61484375 0.13828125 0.0703125 0.08125
1 0.9125 0.23046875 0.04375 0.05859375
1 0.2375 0.2609375 0.04375 0.06640625
1 0.59375 0.40546875 0.05078125 0.06640625
2 0.478125 0.6078125 0.0703125 0.078125
1 0.4234375 0.37109375 0.0328125 0.06640625
1 0.3296875 0.50703125 0.0296875 0.04375
1 0.0703125 0.6984375 0.05234375 0.0640625
1 0.296875 0.07265625 0.0640625 0.0609375
1 0.19609375 0.67734375 0.04921875 0.03671875
1 0.5046875 0.1484375 0.02578125 0.0609375
2 0.51015625 0.24140625 0.05234375 0.06640625
1 0.68203125 0.24609375 0.0375 0.046875
2 0.8578125 0.48515625 0.05546875 0.06875
2 0.92890625 0.49609375 0.05078125 0.07578125
2 0.3546875 0.96796875 0.04921875 0.0640625
1 0.66796875 0.39375 0.04609375 0.08125
2 0.7203125 0.24140625 0.05234375 0.07109375
1 0.58203125 0.096875 0.0359375 0.05625
2 0.5015625 0.43359375 0.04609375 0.0734375
1 0.49765625 0.08984375 0.040625 0.0609375
1 0.1890625 0.02578125 0.04375 0.0515625
1 0.5 0.55 0.0421875 0.0609375
1 0.265625 0.93984375 0.06015625 0.05625
1 0.1359375 0.0234375 0.05234375 0.046875
1 0.9078125 0.86484375 0.04375 0.05859375
1 0.9859375 0.72578125 0.02421875 0.08828125
1 0.7109375 0.4078125 0.04609375 0.0609375
2 0.4578125 0.65078125 0.065625 0.08125
2 0.73203125 0.90234375 0.05234375 0.08828125
1 0.82578125 0.46953125 0.04375 0.07578125
1 0.315625 0.78203125 0.0421875 0.078125
1 0.22578125 0.1015625 0.0328125 0.04140625
1 0.1734375 0.25390625 0.05234375 0.06640625
1 0.6734375 0.11484375 0.04609375 0.05390625
1 0.63203125 0.9328125 0.05234375 0.07109375
1 0.64609375 0.51484375 0.04765625 0.0640625
2 0.36328125 0.02421875 0.0546875 0.0484375
2 0.31171875 0.971875 0.05546875 0.0515625
2 0.91015625 0.02109375 0.05234375 0.04140625
2 0.7875 0.93515625 0.05234375 0.0609375
1 0.91484375 0.13359375 0.0328125 0.0515625
1 0.9546875 0.70703125 0.05703125 0.06640625
1 0.1609375 0.79921875 0.04375 0.0640625
2 0.98359375 0.4390625 0.0328125 0.09296875
1 0.32109375 0.02734375 0.05390625 0.05390625
1 0.76953125 0.02578125 0.05859375 0.0515625
2 0.521875 0.075 0.05390625 0.07578125
2 0.8 0.97421875 0.0734375 0.046875
2 0.1140625 0.47578125 0.05234375 0.05859375
1 0.01953125 0.353125 0.0328125 0.04921875
1 0.2796875 0.02109375 0.04921875 0.04140625
1 0.8453125 0.0234375 0.040625 0.046875
2 0.82734375 0.16015625 0.040625 0.06640625
1 0.23046875 0.37265625 0.0328125 0.04921875
2 0.8734375 0.12109375 0.05390625 0.0515625
2 0.98203125 0.1921875 0.0359375 0.090625
2 0.1921875 0.978125 0.05078125 0.0390625
2 0.71484375 0.01875 0.04765625 0.03671875