2 0.434375 0.696875 0.14765625 0.23828125
2 0.08359375 0.58984375 0.1625 0.2125
2 0.22890625 0.63046875 0.14375 0.20234375
2 0.5625 0.64765625 0.1234375 0.1703125
2 0.4359375 0.51328125 0.13984375 0.18984375
2 0.190625 0.48359375 0.1265625 0.17265625
2 0.6 0.78671875 0.13515625 0.19296875
2 0.3125 0.475 0.12421875 0.19609375
2 0.34140625 0.6359375 0.09921875 0.15390625
2 0.14140625 0.74453125 0.13046875 0.18515625
2 0.253125 0.31484375 0.12421875 0.175
2 0.41796875 0.3703125 0.1296875 0.1625
2 0.30078125 0.76796875 0.10234375 0.1546875
2 0.075 0.8703125 0.14765625 0.23359375
2 0.8015625 0.45625 0.14296875 0.18046875
2 0.71875 0.83515625 0.10078125 0.171875
2 0.825 0.809375 0.1265625 0.18125
2 0.515625 0.44140625 0.090625 0.13671875
2 0.484375 0.91640625 0.128125 0.16328125
2 0.06875 0.41484375 0.1359375 0.21015625
2 0.85703125 0.25 0.14375 0.20625
2 0.3796875 0.91328125 0.1453125 0.16953125
2 0.59140625 0.45703125 0.09609375 0.13515625
2 0.9390625 0.8421875 0.11640625 0.18828125
2 0.2234375 0.8984375 0.19375 0.2
2 0.7171875 0.6140625 0.11171875 0.14453125
2 0.9265625 0.61796875 0.103125 0.1421875
2 0.2046875 0.390625 0.10859375 0.109375
2 0.409375 0.25234375 0.09609375 0.1171875
2 0.19921875 0.190625 0.12109375 0.15859375
2 0.31796875 0.20859375 0.11640625 0.1359375
2 0.87578125 0.53203125 0.11875 0.0953125
2 0.1328125 0.26015625 0.09453125 0.13515625
2 0.0796875 0.31796875 0.0953125 0.14609375
2 0.61171875 0.225 0.0984375 0.1203125
2 0.0359375 0.74921875 0.071875 0.14609375
2 0.62265625 0.34453125 0.11015625 0.1625
2 0.525 0.275 0.11796875 0.18515625
2 0.8609375 0.9390625 0.1671875 0.11796875
2 0.71328125 0.3203125 0.11171875 0.13671875
2 0.36875 0.16171875 0.1046875 0.11640625
2 0.040625 0.26796875 0.08046875 0.11875
2 0.90234375 0.41953125 0.0921875 0.12265625
2 0.68515625 0.7265625 0.08359375 0.109375
2 0.384375 0.83515625 0.115625 0.07578125
2 0.24140625 0.7921875 0.1296875 0.11953125
2 0.04765625 0.15625 0.09453125 0.128125
2 0.965625 0.51875 0.06875 0.1
2 0.8671875 0.1 0.09296875 0.1234375
2 0.4 0.059375 0.08828125 0.11875
2 0.75859375 0.9515625 0.0828125 0.09453125
2 0.221875 0.06953125 0.1171875 0.1296875
2 0.9734375 0.28203125 0.053125 0.11328125
2 0.08515625 0.09609375 0.0859375 0.11015625
2 0.29140625 0.040625 0.0796875 0.08125
2 0.1609375 0.04765625 0.075 0.0953125
2 0.728125 0.171875 0.071875 0.115625
2 0.75234375 0.5609375 0.1 0.0609375
2 0.8078125 0.35625 0.10234375 0.0765625
2 0.67265625 0.0703125 0.103125 0.13671875
2 0.9421875 0.16171875 0.065625 0.11484375
2 0.66015625 0.53125 0.06953125 0.06875
2 0.9625 0.36875 0.07421875 0.18046875
2 0.9484375 0.05546875 0.0875 0.1109375
2 0.73046875 0.5046875 0.06015625 0.0765625
2 0.7515625 0.08359375 0.06171875 0.11015625
2 0.0328125 0.03828125 0.065625 0.0765625
2 0.6625 0.18203125 0.090625 0.12578125
2 0.78671875 0.6578125 0.08828125 0.11640625
2 0.17109375 0.94375 0.09296875 0.1125
2 0.5765625 0.9265625 0.075 0.146875
2 0.515625 0.10546875 0.09609375 0.11015625
2 0.453125 0.22734375 0.08203125 0.11875
2 0.7890625 0.1546875 0.06171875 0.11171875
2 0.94296875 0.7375 0.1109375 0.05234375