0 0.47109375 0.1953125 0.1859375 0.190625
0 0.40390625 0.3734375 0.12578125 0.16015625
0 0.6296875 0.3171875 0.12578125 0.1375
0 0.246875 0.8453125 0.25 0.16484375
0 0.5375 0.7578125 0.22578125 0.14921875
0 0.734375 0.6375 0.17265625 0.14453125
0 0.31640625 0.38125 0.09296875 0.1625
0 0.540625 0.496875 0.1171875 0.1328125
0 0.84375 0.8640625 0.14375 0.16953125
0 0.54609375 0.87890625 0.2078125 0.11640625
0 0.7400442477876106 0.6523255813953488 0.2500000000000001 0.2441860465116279
0 0.4734513274336283 0.19069767441860466 0.23008849557522115 0.22790697674418608
0 0.225 0.746875 0.003125 0.0015625