2 0.3234375 0.6393728234375 0.19374999999999998 0.271254353125
2 0.4171875 0.20176174375 0.14687499999999998 0.31835151250000004
2 0.34293023984375004 0.42174553125 0.1516395203125 0.21588393749999996
2 0.5078125 0.51905648046875 0.16874999999999996 0.24001203906250002
2 0.3218046109375 0.62791523046875 0.18764077812500005 0.2722945390625
2 0.68875596953125 0.58359887578125 0.20373806093750002 0.38905224843749997
2 0.5066681515625 0.159946753125 0.236663696875 0.17698149375
2 0.722478715625 0.4210627578125 0.17691756874999998 0.223499484375
2 0.8980846265625 0.14553970624999998 0.17570574687500007 0.2370455875
3 0.50625 0.80554205625 0.25625000000000003 0.2533514406249999
2 0.37578125 0.87212780546875 0.17031249999999998 0.2432443890625
3 0.52055366796875 0.32321029296875 0.2276426640625 0.19107941406250004
3 0.66796875 0.3003095390625 0.057812500000000044 0.05563092187500002
2 0.73125 0.16080469140625 0.21250000000000002 0.29401561718749997