2 0.5875 0.80078125 0.20625 0.2546875
2 0.6328125 0.4203125 0.2140625 0.3
2 0.71875 0.659375 0.2140625 0.2703125
2 0.93828125 0.28046875 0.1234375 0.2234375
2 0.1375 0.04609375 0.1125 0.0921875
2 0.25234375 0.06015625 0.1984375 0.1203125
2 0.85078125 0.10625 0.159375 0.1234375
2 0.18828125 0.153125 0.109375 0.1828125
2 0.46796875 0.3703125 0.21875 0.26875
2 0.34375 0.79453125 0.29375 0.3796875
2 0.9359375 0.56171875 0.128125 0.1296875
2 0.7234375 0.359375 0.0953125 0.13125
2 0.896875 0.42578125 0.1546875 0.1859375
2 0.54296875 0.03671875 0.0859375 0.0734375
2 0.94765625 0.15078125 0.1046875 0.1640625
0 0.83359375 0.23671875 0.128125 0.1390625
2 0.8 0.97109375 0.246875 0.0578125
2 0.5203125 0.58046875 0.1921875 0.215625
2 0.2953125 0.6390625 0.278125 0.2984375
2 0.97109375 0.446875 0.0578125 0.153125
2 0.44140625 0.1421875 0.1953125 0.1828125
2 0.259128496875 0.420915765625 0.23415225937499998 0.319223096875
2 0.6517316281250001 0.17642153359375 0.233807096875 0.3220158328125
2 0.88349879296875 0.77007111171875 0.18218972343750006 0.2784405578125001