2 0.47213721640625006 0.73041418984375 0.20749770781250004 0.1913194734375
2 0.61753378671875 0.38524859921875 0.1526225765625 0.1635303609375
2 0.7245336765625001 0.35057011796875 0.12970639687499996 0.17883913281249997
2 0.5516572468750001 0.11036835078125 0.11840409062500001 0.15920876718750002
2 0.302884765625 0.15403725390625 0.166462709375 0.1516767703125
2 0.24187565390625002 0.29878718984374997 0.14672059218750005 0.1960783171875
2 0.42557308281249995 0.16677368984375 0.153431015625 0.1971760984375
2 0.67409641015625 0.12316624453125 0.14070478906249995 0.1726059359375
0 0.69566789375 0.02139629921875 0.12890194374999997 0.0427925984375
3 0.28155708671875 0.5692353343750001 0.2471044046875 0.153336378125
3 0.52006052578125 0.53639062890625 0.16392369218749997 0.1686641828125
3 0.43601846015625 0.35774730468750005 0.26146839843749997 0.15155946874999998
2 0.67333301640625 0.703448490625 0.11301793281250005 0.21627585312499997
2 0.39337020390625 0.0385512984375 0.11829804218749995 0.05384719375000001