2 0.63828125 0.78125 0.16875 0.228125
2 0.6171875 0.3984375 0.16953125 0.27578125
2 0.74296875 0.61875 0.175 0.2421875
2 0.9109375 0.20546875 0.12421875 0.20390625
2 0.0578125 0.08046875 0.08671875 0.153125
2 0.17421875 0.07890625 0.175 0.15390625
2 0.77734375 0.0515625 0.14375 0.10078125
2 0.1328125 0.2125 0.08046875 0.171875
2 0.44609375 0.378125 0.17890625 0.24140625
2 0.396875 0.8171875 0.23828125 0.34296875
2 0.940625 0.4859375 0.11171875 0.11171875
2 0.6953125 0.32265625 0.07421875 0.1203125
2 0.878125 0.3578125 0.12734375 0.16640625
2 0.4625 0.03359375 0.07578125 0.06640625
2 0.9015625 0.07421875 0.12421875 0.1453125
0 0.7828125 0.1828125 0.1078125 0.121875
2 0.88359375 0.95 0.2328125 0.096875
2 0.53359375 0.57578125 0.1609375 0.190625
2 0.32265625 0.67265625 0.2359375 0.2609375
2 0.96953125 0.36328125 0.06015625 0.14609375
2 0.38046875 0.1578125 0.16953125 0.15625
2 0.2485119046875 0.46395502656250004 0.234126984375 0.320767196875
2 0.58457341328125 0.159060846875 0.2202380953125 0.31812169375
2 0.913814484375 0.6916335984374999 0.171875 0.284060846875