2 0.50078125 0.55859375 0.06406250000000002 0.07343750000000004
2 0.4140625 0.5414062500000001 0.06874999999999998 0.04843750000000002
2 0.28203125 0.56953125 0.0703125 0.0546875
2 0.34140625 0.5203125 0.07656250000000003 0.07812499999999994
2 0.44999999999999996 0.64765625 0.06562499999999999 0.0703125
2 0.71171875 0.37031250000000004 0.05156250000000007 0.04999999999999999
2 0.5734375 0.33203125 0.0625 0.07343750000000004
2 0.703125 0.5421875 0.050000000000000044 0.078125
2 0.6796875 0.4875 0.06562500000000004 0.06562499999999993
2 0.7265625 0.44375 0.0625 0.078125
2 0.66796875 0.40859375 0.07656250000000009 0.07343749999999999
2 0.5 0.6375 0.04062499999999997 0.04375000000000007
2 0.54453125 0.60546875 0.07343750000000004 0.0703125
2 0.3578125 0.5796874999999999 0.05624999999999997 0.03749999999999998
2 0.3515625 0.3828125 0.07187500000000002 0.06874999999999998
0 0.5601562499999999 0.5367187499999999 0.06406250000000002 0.06406250000000002
0 0.43515625 0.5796875 0.06406249999999997 0.0625
0 0.778125 0.33906250000000004 0.09062500000000007 0.08124999999999999
0 0.48281250000000003 0.37109375 0.07187500000000002 0.06718749999999996
0 0.29218750000000004 0.47109375 0.06562499999999999 0.05781249999999999
0 0.61015625 0.49140625 0.06093749999999998 0.05781249999999993