2 0.88203125 0.33046875 0.2015625 0.165625
0 0.21953125 0.146875 0.2640625 0.29375
2 0.67578125 0.2890625 0.175 0.2046875
2 0.7953125 0.13203125 0.228125 0.2140625
2 0.653125 0.52734375 0.1609375 0.121875
2 0.73359375 0.6546875 0.171875 0.1875
2 0.953125 0.196875 0.09375 0.275
2 0.559375 0.196875 0.1515625 0.203125
2 0.58984375 0.890625 0.1890625 0.21875
2 0.4140625 0.88828125 0.1703125 0.2171875
0 0.07109375 0.6140625 0.1421875 0.175
2 0.78984375 0.7828125 0.1765625 0.2
0 0.3421875 0.58828125 0.165625 0.190625
2 0.53125 0.41015625 0.1328125 0.1953125
0 0.24375 0.39140625 0.1765625 0.1765625
2 0.39453125 0.709375 0.175 0.1890625
2 0.21875 0.6515625 0.18125 0.234375
2 0.725 0.93125 0.14375 0.1375
0 0.48125 0.621875 0.1609375 0.3078125
2 0.4625 0.20390625 0.078125 0.125
2 0.10546875 0.34765625 0.178125 0.203125
0 0.4171875 0.40546875 0.1953125 0.24375
2 0.8703125 0.565625 0.1640625 0.1765625
2 0.13515625 0.02578125 0.1484375 0.0515625
2 0.62734375 0.0703125 0.1375 0.1296875
0 0.04921875 0.37578125 0.096875 0.203125
2 0.3078125 0.01640625 0.15625 0.0328125