2 0.3453125 0.63203125 0.33984375 0.27265625
2 0.64140625 0.92734375 0.22734375 0.14453125
2 0.428125 0.9 0.21640625 0.196875
2 0.87109375 0.36328125 0.25703125 0.17890625
2 0.28203125 0.31796875 0.2328125 0.28046875
2 0.70234375 0.4359375 0.2140625 0.28203125
2 0.484375 0.22421875 0.228125 0.28515625
2 0.89296875 0.12734375 0.21328125 0.24609375
2 0.15 0.496875 0.2328125 0.23984375
2 0.80625 0.60859375 0.1765625 0.225
2 0.17109375 0.196875 0.18984375 0.23203125
2 0.6796875 0.178125 0.19140625 0.28984375
2 0.9359375 0.809375 0.121875 0.228125
2 0.040625 0.3375 0.08046875 0.240625
0 0.78984375 0.82734375 0.19609375 0.24296875
2 0.5046875 0.45 0.165625 0.1859375
2 0.23515625 0.759375 0.15390625 0.05546875
2 0.0609375 0.65703125 0.1171875 0.22890625