2 0.83671875 0.1265625 0.2828125 0.24921875
2 0.15390625 0.8109375 0.30625 0.24140625
2 0.4515625 0.84609375 0.27421875 0.22265625
2 0.8359375 0.8890625 0.18984375 0.17578125
2 0.0640625 0.34296875 0.1265625 0.16328125
2 0.946875 0.53828125 0.10390625 0.290625
2 0.70546875 0.3703125 0.375 0.115625
2 0.7609375 0.621875 0.27109375 0.11484375
2 0.1578125 0.190625 0.203125 0.2515625
2 0.7359375 0.93671875 0.14296875 0.125
2 0.8 0.74140625 0.19765625 0.1203125
2 0.2203125 0.09140625 0.1515625 0.18046875
2 0.9390625 0.81015625 0.121875 0.26640625
2 0.3921875 0.37265625 0.08984375 0.10703125
2 0.46640625 0.70546875 0.14765625 0.0515625
2 0.07890625 0.128125 0.15703125 0.24921875
2 0.27734375 0.4703125 0.13671875 0.084375
2 0.46640625 0.5734375 0.1828125 0.16171875