2 0.56328125 0.76640625 0.2375 0.4109375
2 0.9125 0.8234375 0.175 0.340625
2 0.190625 0.45859375 0.3125 0.3140625
2 0.08984375 0.78203125 0.1703125 0.353125
2 0.86015625 0.53984375 0.2796875 0.2515625
2 0.64296875 0.08828125 0.2609375 0.1765625
2 0.33046875 0.16015625 0.1859375 0.2609375
2 0.7640625 0.7734375 0.1703125 0.24375
2 0.85 0.18203125 0.221875 0.303125
2 0.71875 0.93671875 0.2328125 0.115625
2 0.10625 0.15546875 0.2125 0.2046875
2 0.4015625 0.7375 0.1140625 0.2234375
2 0.18515625 0.91953125 0.3203125 0.1609375
2 0.440625 0.090625 0.18125 0.18125
2 0.634375 0.39453125 0.2828125 0.2734375
2 0.2578125 0.753125 0.2265625 0.2921875
2 0.63828125 0.1859375 0.309375 0.1578125
2 0.38515625 0.36328125 0.1296875 0.2640625
2 0.94296875 0.35078125 0.1109375 0.1375
2 0.359375 0.57578125 0.0890625 0.1359375
2 0.09140625 0.03515625 0.1828125 0.0609375