0 0.46640624999999997 0.5109375 0.18593749999999998 0.25312499999999993
0 0.253125 0.6382812499999999 0.20625000000000002 0.2796875
0 0.484375 0.77734375 0.23750000000000004 0.34843749999999996
0 0.24062499999999998 0.878125 0.21874999999999997 0.24062499999999998
0 0.66484375 0.6796875 0.18593749999999998 0.2749999999999999
0 0.6343749999999999 0.41250000000000003 0.19687500000000002 0.275
0 0.4515625 0.30859375 0.19375000000000003 0.2671875
0 0.92890625 0.309375 0.13906249999999998 0.3375
0 0.62265625 0.1953125 0.18281250000000004 0.21562499999999998
0 0.53984375 0.07421875 0.1671875 0.1484375
0 0.2546875 0.43359375 0.18125000000000002 0.23281250000000003