2 0.91171875 0.8296875 0.17421875 0.3328125
2 0.21484375 0.48125 0.30390625 0.32734375
2 0.5578125 0.771875 0.22578125 0.40390625
2 0.08515625 0.76796875 0.1671875 0.35390625
2 0.753125 0.7734375 0.16328125 0.24453125
2 0.0984375 0.19140625 0.19296875 0.17265625
2 0.33984375 0.1640625 0.18828125 0.275
2 0.64765625 0.0859375 0.25078125 0.17109375
2 0.0984375 0.07890625 0.19375 0.15625
2 0.25 0.7453125 0.221875 0.29296875
2 0.87421875 0.559375 0.24765625 0.2703125
2 0.7125 0.9421875 0.22265625 0.1109375
2 0.1734375 0.91640625 0.31953125 0.15703125
2 0.41875 0.359375 0.19140625 0.26796875
2 0.57734375 0.4328125 0.27890625 0.2796875
2 0.446875 0.0921875 0.175 0.18203125
2 0.85625 0.18203125 0.21015625 0.28671875
2 0.775 0.4046875 0.16484375 0.24765625
2 0.44609375 0.953125 0.171875 0.09375
2 0.525 0.19609375 0.11875 0.125
2 0.6390625 0.28984375 0.26328125 0.07578125