2 0.6125 0.7015625 0.30625 0.3375
2 0.41015625 0.60078125 0.2703125 0.371875
2 0.55546875 0.23359375 0.4359375 0.4671875
2 0.8875 0.228125 0.225 0.346875
2 0.8484375 0.57578125 0.303125 0.4515625
2 0.32890625 0.259375 0.38125 0.4890625
2 0.22578125 0.60625 0.2515625 0.3171875
2 0.39765625 0.91171875 0.2640625 0.1765625
2 0.79296875 0.90859375 0.2890625 0.1828125
2 0.0953125 0.60859375 0.190625 0.2453125
2 0.2484375 0.85 0.2046875 0.2390625
2 0.18984375 0.09609375 0.2578125 0.1921875
2 0.11796875 0.34140625 0.2359375 0.3796875
2 0.01640625 0.5453125 0.0328125 0.153125