2 0.24335429687500001 0.37141182578125 0.27166601875 0.40713929218749995
2 0.39095882578124996 0.39451000625 0.052670151562500045 0.1980497
2 0.48968584296874995 0.180889990625 0.2603335546875 0.3462211125
2 0.4960295421875 0.75491847578125 0.20232453125000005 0.32391771718750006
2 0.13625514375 0.73585913203125 0.198740990625 0.2474384140625001
2 0.16639874375 0.9401553 0.20815822499999997 0.11968940000000006
2 0.33619972265625 0.11470029687499998 0.23604784218749997 0.192864478125
2 0.877205321875 0.6005809625 0.24558935625 0.4305837562500001
3 0.56553847421875 0.55971410234375 0.5048668421875 0.6235558453125
4 0.31162630546875003 0.7229431421875 0.17335969843750001 0.2842892937500001
0 0.7292828109375 0.14450947421875 0.27175262499999986 0.2890189484375