2 0.62734375 0.4921875 0.13593750000000004 0.16874999999999996
2 0.53828125 0.909375 0.16718749999999993 0.12812499999999993
2 0.8546875 0.46328125 0.11562499999999998 0.2109375
2 0.1671875 0.36875 0.11250000000000002 0.14999999999999997
2 0.60703125 0.82265625 0.14531249999999996 0.10468750000000004
3 0.47187500000000004 0.12109375 0.309375 0.23281249999999998
2 0.43203125 0.484375 0.16093749999999996 0.109375
2 0.5531250000000001 0.29375 0.24375000000000002 0.13437500000000002
2 0.6976562500000001 0.62421875 0.10781249999999998 0.1015625
2 0.39765625 0.6742187500000001 0.13906249999999998 0.10781249999999998
2 0.48124999999999996 0.39375 0.175 0.11562499999999998