2 0.5098877914062501 0.5574039273437501 0.06253666093750004 0.06933642968749998
2 0.42213775625 0.55433460625 0.06874999999999998 0.04739520312500001
2 0.29267360234375 0.60150679453125 0.06939847031250002 0.055895460937499974
2 0.34634119453125 0.5449509335937499 0.0755888421875 0.07769569531249998
2 0.4738388359375 0.6542609578125 0.0646309062499999 0.06775415625000003
2 0.6893681914062499 0.33913729609375 0.05068538593749994 0.04930389843749999
2 0.5464897859375 0.32301780156250004 0.0642434999999999 0.07445895937499997
2 0.7020012390625 0.512506196875 0.048955815625000065 0.06848260312499999
2 0.6755807851562501 0.45967412890625003 0.06265655468750009 0.06633678281250005
2 0.7157453328125 0.4082670609375 0.06507583437499997 0.07569657812500002
2 0.65136097421875 0.38344203906249996 0.07731880156250004 0.07485475624999999
2 0.5204608195312501 0.63454496796875 0.04099187656250003 0.043152954687500134
2 0.56023439140625 0.5977446765625001 0.07245268593749998 0.07010607499999999
2 0.37174261953125 0.5997585234375 0.05609077343750002 0.035977493750000034
2 0.33518077421875 0.40530694375 0.07098342656250001 0.06695165312499995
0 0.5664922679687501 0.52677939140625 0.06530414218749991 0.0595112640624999
0 0.44988688749999994 0.588895196875 0.06472419999999995 0.06414232812499998
0 0.7481329109375 0.29786175937500003 0.08647447812499998 0.08280114374999997
0 0.46226562265625 0.374526034375 0.07095867968750003 0.06606948749999997
0 0.2896390765625 0.50444846640625 0.067202984375 0.058687032812499984
0 0.60805796640625 0.47367539609375 0.05977087656250002 0.057867742187500015