2 0.39296875 0.3109375 0.2546875 0.334375
2 0.6015625 0.44765625 0.1578125 0.103125
2 0.31796875 0.853125 0.1609375 0.1875
2 0.696875 0.7546875 0.128125 0.1546875
2 0.4421875 0.2734375 0.05625 0.0921875
2 0.11796875 0.40859375 0.103125 0.1328125
2 0.64375 0.434375 0.046875 0.0421875
2 0.65546875 0.59453125 0.2625 0.2
2 0.5953125 0.1171875 0.259375 0.234375
2 0.8359375 0.8984375 0.209375 0.171875
2 0.90078125 0.57734375 0.1984375 0.2203125
2 0.18203125 0.084375 0.2359375 0.16875
2 0.25703125 0.04921875 0.1734375 0.0984375
2 0.6796875 0.86171875 0.215625 0.24375
2 0.09375 0.8140625 0.1875 0.25
2 0.78046875 0.30546875 0.1828125 0.1390625
2 0.81640625 0.434375 0.140625 0.221875
2 0.76796875 0.11484375 0.1578125 0.165625
2 0.77421875 0.7828125 0.128125 0.278125
2 0.278125 0.16875 0.1234375 0.2578125
2 0.92578125 0.31875 0.1484375 0.1125
2 0.09921875 0.4921875 0.1375 0.1921875
2 0.47109375 0.4203125 0.109375 0.134375
2 0.36796875 0.1171875 0.2359375 0.234375
2 0.88046875 0.7640625 0.1734375 0.1703125
2 0.603125 0.23984375 0.20625 0.1640625
2 0.43125 0.034375 0.16875 0.06875
2 0.67421875 0.20703125 0.0953125 0.115625
2 0.35703125 0.559375 0.2265625 0.2390625
2 0.03671875 0.5828125 0.0734375 0.115625
2 0.4203125 0.48046875 0.1046875 0.0640625