2 0.42359691640624997 0.18171658125 0.30481891406249995 0.3634331625
2 0.62798360859375 0.53948954375 0.23625749531250007 0.315023028125
2 0.8634929125 0.4655773609375 0.27272316249999995 0.31691947499999995
2 0.853149646875 0.7685999140625 0.29370070625 0.397171240625
2 0.86699380703125 0.19842209921875 0.1958808703125 0.2943014390625
2 0.16768147187500002 0.17733436171875 0.2541692625 0.2599918484375
2 0.70398043046875 0.10565335859375 0.18936596093750002 0.2113067171875
2 0.6400708078124999 0.85002013203125 0.16831315312500006 0.2654967609375001
0 0.14595806015624999 0.6926740375 0.2344995734375 0.34093369375000004
2 0.37597397031249996 0.634033765625 0.31562499999999993 0.39478492812500005
2 0.0526403953125 0.37066373671874997 0.105280790625 0.38865265156249995
2 0.47977996562499997 0.88447176328125 0.23476189687499993 0.23105647343750002
2 0.666941296875 0.29483459296875 0.208824121875 0.22649061093749998
2 0.23346936406250002 0.41974266406249994 0.29250066875 0.2736387718749999