2 0.9234375 0.76015625 0.153125 0.3578125
2 0.215625 0.52578125 0.3515625 0.371875
2 0.6 0.759375 0.2859375 0.4328125
2 0.13203125 0.8203125 0.2203125 0.359375
2 0.79296875 0.73046875 0.1984375 0.265625
2 0.08203125 0.25703125 0.1640625 0.2015625
2 0.2890625 0.19296875 0.2296875 0.3015625
2 0.58125 0.0859375 0.275 0.171875
2 0.07265625 0.146875 0.1453125 0.184375
2 0.29140625 0.78125 0.265625 0.325
2 0.8671875 0.49921875 0.265625 0.3046875
2 0.77890625 0.903125 0.2359375 0.1421875
2 0.24296875 0.9296875 0.3390625 0.140625
2 0.39765625 0.3734375 0.2296875 0.2953125
2 0.565625 0.421875 0.3203125 0.31875
2 0.38359375 0.10546875 0.2015625 0.20625
2 0.80234375 0.14375 0.2515625 0.2875
2 0.75703125 0.3625 0.2015625 0.2703125
2 0.5171875 0.9484375 0.184375 0.103125
2 0.47734375 0.19609375 0.1375 0.1421875
2 0.6046875 0.2703125 0.271875 0.1171875