2 0.1796875 0.675 0.359375 0.284375
2 0.4625 0.73828125 0.2265625 0.3078125
2 0.6359375 0.82734375 0.334375 0.3453125
2 0.203125 0.25703125 0.2203125 0.2
2 0.92421875 0.6203125 0.1515625 0.284375
2 0.1921875 0.50703125 0.1875 0.1
2 0.45625 0.18203125 0.2984375 0.225
2 0.8890625 0.2578125 0.221875 0.221875
2 0.70703125 0.465625 0.1796875 0.134375
2 0.875 0.453125 0.15625 0.1046875
2 0.6328125 0.284375 0.1859375 0.1625
2 0.01953125 0.83828125 0.0390625 0.1640625
2 0.32421875 0.6671875 0.1546875 0.215625