0 0.47779350703125 0.49157467187500004 0.22663233593749998 0.20624199062499998
0 0.57792913671875 0.7116748109375 0.2287133796875 0.2737413875
0 0.7584187390625 0.49548058515625004 0.1476879093750001 0.20414621718749998
0 0.59400673359375 0.3968004296875 0.1538777578124999 0.19433815625000006
0 0.24672999296874998 0.7791403515625 0.17441297656249996 0.23906270000000007
0 0.3991698859375 0.76706341015625 0.17000465937499998 0.2641530390625
0 0.1768595546875 0.55506162578125 0.17300924374999999 0.2165930296875
0 0.223517796875 0.3198010078125 0.16429839375 0.17112540312499996
0 0.36261133671875 0.44656522265625 0.14008839218750002 0.1980034390625
0 0.8596960507812499 0.6402330375 0.13221458906250005 0.169647609375
0 0.74688405703125 0.707514015625 0.15106048593749988 0.19319856874999997
0 0.8278640671874999 0.42692567109374996 0.11603476562499992 0.2072416453125