2 0.50099206328125 0.366071428125 0.1448412703125 0.16931216875
2 0.7057291664062499 0.44692460390625005 0.13616071406249997 0.24834656093750007
2 0.6094990078125 0.846560846875 0.12574404687499996 0.18187830625
2 0.17509920625 0.3915343921875 0.1056547625 0.14682539687500007
2 0.2202380953125 0.6832010578125 0.13194444375 0.171957671875
2 0.08792162656250001 0.459490740625 0.12772817500000003 0.17427248750000002
2 0.53199404765625 0.14384920625000003 0.11755952343749998 0.23677248750000005
2 0.5157490078125 0.5674603171874999 0.10838293750000005 0.16005290937499994
2 0.19990079375 0.5198412703125 0.11160714374999997 0.15674603124999997
2 0.42001488046875 0.14732142812500001 0.11086309531249999 0.13128306875
2 0.32601686484375003 0.5983796296875 0.11036706406250002 0.140542328125
2 0.34437003984375003 0.3670634921875 0.14508928593749998 0.15542328125000004
2 0.039310515625 0.6028439156250001 0.07862103125 0.14153439062499995
2 0.42460317421875 0.48627645546875004 0.1383928578125 0.1696428578125001
3 0.8763640875 0.5279431218749999 0.234375 0.31051587187499996
2 0.60577876953125 0.5157076726562501 0.11780753906249997 0.1795634921875
3 0.09213789687500001 0.65376984140625 0.13516865 0.20899470781249996
3 0.28224206328125 0.45056216875 0.10763888906250002 0.1531084656249999
2 0.32167658750000006 0.29001322734375 0.11904761874999997 0.10449735468750002
0 0.44184027812500004 0.29332010625000005 0.09647817500000005 0.18783068750000004