2 0.4078125 0.70859375 0.19765625 0.1890625
2 0.36171875 0.53984375 0.1515625 0.15390625
2 0.16640625 0.5671875 0.23125 0.234375
2 0.103125 0.728125 0.20234375 0.278125
2 0.68359375 0.7546875 0.25546875 0.14921875
2 0.31796875 0.36484375 0.2078125 0.1578125
2 0.4921875 0.3671875 0.0953125 0.13671875
2 0.5421875 0.5375 0.14375 0.15234375
2 0.1359375 0.39609375 0.21015625 0.1921875
2 0.115625 0.08359375 0.19921875 0.16328125
2 0.421875 0.9171875 0.14296875 0.16015625
2 0.5453125 0.39296875 0.10390625 0.13203125
2 0.6421875 0.48984375 0.0859375 0.1109375
2 0.32734375 0.07578125 0.1171875 0.13046875
0 0.19609375 0.91015625 0.265625 0.17578125
2 0.49609375 0.14921875 0.18671875 0.23828125
2 0.2328125 0.2015625 0.078125 0.15625
2 0.096875 0.22421875 0.18984375 0.20703125
2 0.40546875 0.05390625 0.16484375 0.10703125
2 0.809375 0.5625 0.1640625 0.05859375
2 0.690625 0.171875 0.203125 0.253125
2 0.74375 0.61875 0.2078125 0.12890625
2 0.95234375 0.0546875 0.0921875 0.10859375
2 0.8375 0.0859375 0.15859375 0.16953125
2 0.56875 0.05234375 0.12890625 0.1015625
2 0.66015625 0.590625 0.09453125 0.09453125
2 0.66328125 0.84375 0.24765625 0.1234375
2 0.61328125 0.29296875 0.1203125 0.04765625
0 0.3421875 0.2015625 0.15625 0.15234375
2 0.61484375 0.65390625 0.1953125 0.10625
2 0.03203125 0.39921875 0.06171875 0.16640625
2 0.9328125 0.45 0.09765625 0.16953125
2 0.03671875 0.06640625 0.0734375 0.1203125
2 0.5171875 0.6421875 0.14375 0.08359375