0 0.34609375 0.425 0.1578125 0.13125
0 0.58828125 0.359375 0.1265625 0.125
0 0.31953125 0.48203125 0.1328125 0.146875
0 0.6234375 0.61328125 0.1390625 0.121875
0 0.234375 0.57265625 0.121875 0.1296875
0 0.4140625 0.73828125 0.1984375 0.175
0 0.7828125 0.4859375 0.1484375 0.15
0 0.06875 0.46171875 0.1375 0.2203125
0 0.890625 0.78671875 0.165625 0.2921875
0 0.36640625 0.6671875 0.1 0.1328125
0 0.7828125 0.6765625 0.134375 0.165625
0 0.14375 0.3765625 0.1171875 0.115625
0 0.71875 0.4546875 0.096875 0.1625
0 0.2171875 0.48828125 0.109375 0.1390625
0 0.57109375 0.52265625 0.103125 0.1
0 0.26796875 0.309375 0.084375 0.1109375
0 0.6421875 0.525 0.0421875 0.0453125
0 0.45625 0.2359375 0.1390625 0.184375