2 0.7542310765625 0.27869260546874997 0.13514542187500012 0.23356861718749997
2 0.3281934046875 0.170384675 0.12987728125000003 0.20633194375000002
2 0.503521103125 0.6841921382812499 0.14103026562499993 0.16959087656249994
2 0.2752022171875 0.1538584921875 0.017822293749999996 0.04980581875000001
2 0.512801328125 0.039309277343750004 0.01815934062500002 0.0125656015625
2 0.51244920859375 0.00873946875 0.007817082812499931 0.016531825
2 0.5081212523437499 0.02218633359375 0.013827385937500103 0.0113500421875
2 0.52867607421875 0.0341175265625 0.007724626562500059 0.010074193750000002
2 0.45058737109375 0.42608423515625005 0.17560310156249997 0.18030533593750003
2 0.6708973359375 0.09401647265624999 0.11790388750000003 0.1597209859375
2 0.28157975390625 0.5837665546874999 0.13832692968750002 0.18247908125
3 0.7383775640625001 0.55913975859375 0.007110140624999928 0.009736985937500053
3 0.3773551703125 0.85389987890625 0.14675366562500003 0.21328352656250005
2 0.3747740445312501 0.34772553671875 0.11364398281250004 0.11714916718750001
3 0.47716823984375 0.0728686375 0.22355047031250003 0.145737275
3 0.6869326375 0.57755702109375 0.189170128125 0.2499494296875001