2 0.1296875 0.40234375 0.259375 0.2578125
2 0.340625 0.3796875 0.215625 0.26875
2 0.92109375 0.30625 0.1578125 0.178125
2 0.11015625 0.60625 0.2203125 0.284375
2 0.615625 0.3625 0.24375 0.303125
2 0.3171875 0.859375 0.2546875 0.1875
2 0.1015625 0.81796875 0.203125 0.2328125
2 0.46875 0.7046875 0.2171875 0.2515625
2 0.70703125 0.61015625 0.19375 0.2125
2 0.90625 0.1609375 0.1875 0.1875
2 0.8078125 0.325 0.2421875 0.2390625
2 0.72578125 0.1421875 0.2015625 0.1765625
2 0.13046875 0.084375 0.1234375 0.16875
2 0.1203125 0.265625 0.1625 0.084375
2 0.8609375 0.73515625 0.2421875 0.2984375
2 0.21171875 0.7109375 0.2203125 0.2359375
2 0.56484375 0.56953125 0.1515625 0.1765625
2 0.34921875 0.05859375 0.2203125 0.1171875
2 0.93828125 0.41328125 0.1234375 0.1171875
2 0.42265625 0.6359375 0.18125 0.2140625
2 0.715625 0.47578125 0.1609375 0.15
2 0.88046875 0.4703125 0.178125 0.1609375
2 0.3328125 0.6234375 0.1859375 0.2125
2 0.19375 0.0234375 0.171875 0.046875
2 0.55078125 0.1828125 0.1890625 0.234375
2 0.44921875 0.4890625 0.1765625 0.1890625
2 0.471875 0.35 0.14375 0.1875
0 0.80390625 0.96484375 0.1984375 0.0703125
2 0.9265625 0.58515625 0.146875 0.1671875
2 0.3375 0.75859375 0.146875 0.1265625
2 0.50546875 0.0453125 0.1765625 0.090625
2 0.50234375 0.965625 0.1453125 0.06875
2 0.80859375 0.55859375 0.15 0.1734375
2 0.18671875 0.2578125 0.128125 0.121875
2 0.61953125 0.0765625 0.1515625 0.146875
2 0.77265625 0.946875 0.0890625 0.10625
2 0.96953125 0.478125 0.0609375 0.1625