2 0.21942166796874998 0.2909683265625 0.2937627671875 0.383129784375
2 0.13698386171875002 0.6302718578125 0.19078275156250002 0.29292855937500006
2 0.0544865734375 0.8002445171874999 0.108973146875 0.22874259374999995
2 0.84356774765625 0.6312126539062499 0.15792902343750004 0.21930858906250006
2 0.74789778828125 0.8467786304687501 0.2475774328125 0.30586420156250005
2 0.48053914296875 0.80314821953125 0.21141977031250003 0.30606752031249995
2 0.30428298515624996 0.62093813046875 0.21010912656249997 0.36762626093749995
2 0.44084301875 0.34498351171875 0.16252326249999993 0.22785894218750005
2 0.47373349296875 0.56220561796875 0.21933712343750006 0.2533844671875001
2 0.38772632578125 0.91947744609375 0.2506842328125 0.15143617968750012
2 0.684335284375 0.5746892609375001 0.18511778125 0.25023752812500005
3 0.72788808359375 0.240886275 0.31008404843750004 0.4758417375
2 0.13978724062500003 0.08699885625 0.26593370625 0.1739977125
2 0.19736580859375 0.8471482171875 0.17871570468750003 0.21468337812500005
2 0.0533190453125 0.38766707031250003 0.10260503124999999 0.28781242500000004