2 0.10546875 0.75 0.203125 0.20234375
2 0.3984375 0.25625 0.47109375 0.290625
3 0.41953125 0.64375 0.32890625 0.36328125
2 0.8328125 0.64296875 0.2765625 0.1421875
3 0.809375 0.3734375 0.2828125 0.3421875
2 0.31953125 0.92421875 0.1015625 0.14609375
3 0.5890625 0.084375 0.2296875 0.1671875
2 0.775 0.76953125 0.37734375 0.22109375
2 0.775 0.10234375 0.15390625 0.2046875
3 0.15078125 0.5484375 0.18125 0.2296875
2 0.28671875 0.0890625 0.34921875 0.171875
2 0.040625 0.29453125 0.08125 0.15625
2 0.64140625 0.5296875 0.046875 0.07421875
2 0.06171875 0.421875 0.0984375 0.1375
2 0.1203125 0.43515625 0.13828125 0.146875
2 0.196875 0.03828125 0.1625 0.0765625
2 0.4671875 0.0328125 0.07421875 0.06484375
2 0.57109375 0.0296875 0.1796875 0.05859375
2 0.240625 0.27265625 0.1546875 0.19296875
2 0.15859375 0.3328125 0.0859375 0.21640625