2 0.8546875 0.27890625 0.18359375 0.140625
0 0.171875 0.175 0.22421875 0.29296875
2 0.64453125 0.26640625 0.15 0.18671875
2 0.74140625 0.09453125 0.2046875 0.1875
2 0.65546875 0.50546875 0.14765625 0.10078125
2 0.753125 0.6203125 0.1484375 0.16796875
2 0.93828125 0.1328125 0.1234375 0.2609375
2 0.51640625 0.19140625 0.12578125 0.1875
2 0.64609375 0.8859375 0.159375 0.221875
2 0.46875 0.896875 0.14296875 0.19921875
0 0.08515625 0.67421875 0.13515625 0.15703125
2 0.8265625 0.73984375 0.15234375 0.1796875
0 0.35625 0.609375 0.1421875 0.17109375
2 0.51875 0.40625 0.109375 0.1828125
0 0.23125 0.428125 0.1546875 0.15703125
2 0.425 0.721875 0.153125 0.16875
2 0.2421875 0.6890625 0.1546875 0.215625
2 0.7859375 0.91640625 0.12109375 0.16328125
0 0.4984375 0.6234375 0.12109375 0.29296875
2 0.421875 0.21171875 0.06328125 0.11640625
2 0.08828125 0.40390625 0.15390625 0.1828125
0 0.4046875 0.41796875 0.16484375 0.2234375
2 0.87578125 0.51328125 0.14375 0.1578125
2 0.06796875 0.04921875 0.1359375 0.0984375
2 0.56640625 0.05703125 0.1234375 0.1140625
0 0.03671875 0.43984375 0.07109375 0.19609375
2 0.240625 0.028125 0.15 0.05390625