2 0.5293071585937501 0.37532361718749996 0.1472453359375 0.16390997187499995
2 0.32870156406249995 0.40192422265625 0.14549236250000003 0.2437176109375
2 0.31362369921875 0.8053232234375 0.12265612343749999 0.18490686249999988
2 0.84174700390625 0.47319155468750007 0.10132797656250003 0.145857496875
2 0.73062553515625 0.7438278390624999 0.1313879484375 0.15535591562499995
2 0.9077034515625 0.56198863515625 0.12676761562500016 0.1708683203125
2 0.5408676593749999 0.1431003125 0.11738055624999999 0.23144108124999999
2 0.46820703046874995 0.56419680078125 0.10697263906249999 0.15513857656250002
2 0.7870276968750001 0.592794353125 0.11038620624999995 0.15322062812500004
2 0.6683624171875 0.17634627421875 0.10134841250000015 0.12314429218749998
2 0.64428580390625 0.63935689296875 0.10842259843750002 0.13943679218749994
2 0.6862558546874999 0.41257510703125 0.13071268125000002 0.1473789453125
2 0.92185105859375 0.7098880703125 0.07667084531250001 0.138415840625
2 0.579977971875 0.49927200156250007 0.15005230312499984 0.16046426875000003
3 0.12890147265625 0.4342508546875 0.21910891093749998 0.31782366562500003
2 0.40232740703125003 0.48713251640625 0.11956216718750001 0.17185953593749992
3 0.8642629601562499 0.7430455203125 0.16674564531250002 0.19837329687500005
3 0.72336837421875 0.50701664921875 0.09692547968749987 0.15924065468749993
2 0.72323448046875 0.34443594375 0.11585930781249998 0.11333349374999996
0 0.6150598468749999 0.31332011875 0.09943974374999998 0.1881335625