0 0.72890625 0.55703125 0.3515625 0.271875
0 0.4421875 0.62421875 0.2703125 0.1921875
0 0.62421875 0.88359375 0.3421875 0.2328125
0 0.14609375 0.775 0.2921875 0.228125
0 0.2171875 0.2921875 0.2890625 0.2390625
0 0.89921875 0.44765625 0.2015625 0.2703125
0 0.5515625 0.33984375 0.3640625 0.309375
0 0.859375 0.75546875 0.2328125 0.2546875
0 0.9203125 0.24375 0.159375 0.25625
0 0.271875 0.1109375 0.278125 0.221875
0 0.13125 0.13984375 0.1640625 0.18125
0 0.48203125 0.16328125 0.234375 0.209375
0 0.3875 0.41640625 0.2171875 0.1875
0 0.096875 0.6484375 0.19375 0.209375
0 0.09609375 0.47421875 0.1921875 0.2296875
0 0.2578125 0.521875 0.203125 0.171875
0 0.3703125 0.81484375 0.228125 0.2140625
0 0.76328125 0.31171875 0.2296875 0.2078125
0 0.3859375 0.91796875 0.271875 0.1640625
0 0.2875 0.63515625 0.2125 0.1984375
0 0.32734375 0.25 0.1546875 0.1453125
0 0.08125 0.2796875 0.121875 0.2
0 0.85078125 0.20078125 0.11875 0.1265625
0 0.478125 0.27265625 0.203125 0.1875
0 0.03671875 0.85859375 0.0734375 0.1265625
0 0.2453125 0.59375 0.10625 0.1265625
0 0.8890625 0.29296875 0.1109375 0.1296875
0 0.1421875 0.44140625 0.08125 0.084375