2 0.626961725 0.50942970625 0.13626714687500008 0.16471250937500004
2 0.48276419375 0.91648099921875 0.16232753437500008 0.1227168515624999
2 0.85449562421875 0.5116738265625 0.11391515468750013 0.21078760937500013
2 0.19157138203125001 0.32460076171874996 0.10896976093750002 0.15135012343750004
2 0.56082291640625 0.8345234257812499 0.14382731718750003 0.10392812656249995
3 0.52499936328125 0.12174965703125001 0.32680407656249993 0.19590877343750002
2 0.43147593984375 0.47318271093750003 0.15498005468749998 0.10592081562500011
2 0.5827417546875 0.29873189296875 0.24011761562500006 0.1375241796875
2 0.6772959171875 0.65100638125 0.11154732187500005 0.09543268125000015
2 0.37444925703125 0.65832318359375 0.14245459531250004 0.10761090156249997
2 0.49719604765625 0.39727921015625 0.17040472031249998 0.11396126406250001