0 0.7359375 0.5125 0.315625 0.215625
0 0.4671875 0.6328125 0.246875 0.1484375
0 0.69921875 0.86875 0.30859375 0.20859375
0 0.1890625 0.84140625 0.2953125 0.175
0 0.1828125 0.35 0.25703125 0.19453125
0 0.89921875 0.36875 0.19609375 0.2359375
0 0.5203125 0.3328125 0.32265625 0.253125
0 0.9015625 0.68203125 0.19453125 0.221875
0 0.89921875 0.16171875 0.1921875 0.2234375
0 0.20078125 0.15234375 0.24453125 0.19765625
0 0.06953125 0.21640625 0.13515625 0.1578125
0 0.41796875 0.17265625 0.20546875 0.1734375
0 0.3734375 0.4390625 0.19140625 0.15390625
0 0.1109375 0.72734375 0.2109375 0.171875
0 0.090625 0.553125 0.1765625 0.1984375
0 0.26640625 0.56796875 0.17890625 0.140625
0 0.4328125 0.83359375 0.196875 0.17890625
0 0.72265625 0.26484375 0.2 0.17421875
0 0.46875 0.9359375 0.253125 0.125
0 0.3171875 0.6734375 0.18515625 0.16640625
0 0.2828125 0.2875 0.1359375 0.12109375
0 0.046875 0.36328125 0.0890625 0.18671875
0 0.7875 0.1390625 0.10078125 0.1078125
0 0.43515625 0.28125 0.17578125 0.1546875
0 0.07265625 0.94921875 0.14296875 0.1015625
0 0.26796875 0.640625 0.08671875 0.1140625
0 0.8421875 0.22265625 0.0921875 0.1140625
0 0.1375 0.5109375 0.0703125 0.0703125