0 0.3390625 0.44140625 0.146875 0.11640625
0 0.5734375 0.35078125 0.1171875 0.11484375
0 0.31875 0.50078125 0.11875 0.1359375
0 0.634375 0.6 0.12734375 0.11015625
0 0.24375 0.6 0.10859375 0.11875
0 0.43984375 0.74609375 0.18203125 0.15625
0 0.7796875 0.45625 0.134375 0.13671875
0 0.06640625 0.5078125 0.1171875 0.2078125
0 0.91875 0.74453125 0.13671875 0.27890625
0 0.384375 0.68046875 0.0859375 0.125
0 0.8 0.64609375 0.11875 0.15390625
0 0.1328125 0.41484375 0.10546875 0.10390625
0 0.7125 0.43203125 0.08125 0.15390625
0 0.2171875 0.51796875 0.09765625 0.13046875
0 0.5734375 0.51484375 0.09453125 0.090625
0 0.24921875 0.334375 0.07421875 0.10234375
0 0.64375 0.51015625 0.0390625 0.04296875
0 0.42890625 0.2421875 0.121875 0.171875