3 0.46015625 0.7140625 0.1515625 0.184375
3 0.35703125 0.5921875 0.1609375 0.2359375
3 0.4453125 0.38984375 0.153125 0.24375
3 0.63203125 0.74375 0.1796875 0.28125
3 0.60703125 0.36640625 0.178125 0.221875
3 0.096875 0.2546875 0.19375 0.228125
3 0.1765625 0.59453125 0.240625 0.234375
3 0.55859375 0.54375 0.1640625 0.19375
3 0.78984375 0.4265625 0.2359375 0.2921875
3 0.14296875 0.115625 0.19375 0.1953125
3 0.121875 0.74765625 0.2296875 0.2953125
3 0.140625 0.43359375 0.246875 0.253125
3 0.215625 0.23203125 0.103125 0.1875
3 0.665625 0.1671875 0.2296875 0.2890625
3 0.53984375 0.05703125 0.1296875 0.1140625
3 0.48828125 0.18046875 0.1796875 0.3125
3 0.921875 0.040625 0.1 0.08125
3 0.32265625 0.390625 0.178125 0.2171875
3 0.38984375 0.059375 0.134375 0.1140625
3 0.30234375 0.09609375 0.128125 0.1359375
3 0.31875 0.22265625 0.15625 0.175
3 0.46015625 0.91796875 0.1546875 0.1640625
3 0.72421875 0.77578125 0.14375 0.2421875
3 0.24609375 0.34921875 0.0875 0.109375
3 0.2953125 0.828125 0.175 0.175
3 0.03046875 0.1 0.0609375 0.134375
0 0.22369302109375 0.9391343234375 0.2419505796875 0.12173135312499994