2 0.721875 0.43515625 0.1640625 0.1609375
2 0.4984375 0.4625 0.1484375 0.21484375
2 0.1375 0.50546875 0.21015625 0.25
2 0.2859375 0.32421875 0.22578125 0.28359375
2 0.5875 0.70078125 0.20546875 0.3421875
2 0.1703125 0.19609375 0.1921875 0.23125
2 0.6875 0.178125 0.2078125 0.29453125
2 0.809375 0.6171875 0.1703125 0.1984375
2 0.93515625 0.8171875 0.11796875 0.2109375
2 0.42109375 0.90859375 0.19453125 0.1828125
2 0.87734375 0.94453125 0.159375 0.1078125
2 0.909375 0.37109375 0.17890625 0.284375
2 0.07890625 0.6921875 0.09453125 0.15390625
2 0.4859375 0.26484375 0.15078125 0.12578125
2 0.6515625 0.95234375 0.21015625 0.0921875
2 0.34461805546874996 0.6471560843749999 0.2621527765625 0.35582010625000005
2 0.19308035703125004 0.915839946875 0.2522321421875 0.16765873125000008
0 0.792038690625 0.8379629625 0.20213293750000005 0.26190476250000005
2 0.88492063515625 0.13707010546875 0.22966269843749998 0.25826719531250003