2 0.25508432578125 0.33664021171875 0.2477678578125 0.4351851859375
2 0.4063740078125 0.3829365078125 0.05381944374999992 0.204365078125
2 0.534722221875 0.18303571484375 0.24107142812499993 0.3607804234375
2 0.46143353203125004 0.75016534375 0.20560515781250005 0.32705026562499995
2 0.11222718281249999 0.6870039679687501 0.1912202375 0.24173280468750014
2 0.10181051562500001 0.91121031796875 0.20362103125000003 0.17691798906250011
2 0.392237103125 0.09623015859375 0.247271825 0.1924603171875
2 0.8735119046875 0.65575396875 0.252480159375 0.4629629625
3 0.55505952421875 0.56167328046875 0.4697420640625001 0.6590608453125
4 0.281498015625 0.6942791 0.17906745937500002 0.28472222187500007
0 0.7818700398437501 0.17294973515625 0.26463293593750004 0.3458994703125