2 0.21639384921875002 0.29761904765625 0.29489087343750003 0.3869047609375
2 0.14136904765625 0.63376322734375 0.1924603171875 0.2992724859375
2 0.056671627343749996 0.80720899453125 0.11334325468749999 0.2347883609375
2 0.8442460320312499 0.6254960320312499 0.1636904765624999 0.2238756609375
2 0.75533234140625 0.8450727515625001 0.2507440484375 0.30919312187500003
2 0.49094742031249994 0.809358465625 0.21899801562499993 0.31382274999999993
2 0.31138392890625 0.6246693117187501 0.21701388906250002 0.37367724843750005
2 0.440228175 0.34589947109375 0.16319444374999997 0.22883597968750005
2 0.4779265875 0.56216931171875 0.23065476250000005 0.25727513281250003
2 0.39236111171875 0.9232804234375 0.26091269843750003 0.15277777812500004
2 0.68787202421875 0.57126322734375 0.18625992031249994 0.2536375671875
3 0.7103174609375 0.23677248671875 0.38144841249999983 0.4735449734375
2 0.13231646796875002 0.09160052890625 0.26463293593750004 0.1832010578125
2 0.20386904765625002 0.853174603125 0.18402777656250005 0.21759259375000006
2 0.051711309375 0.3824404765625 0.10342261875 0.31845238124999997