2 0.38984375 0.7 0.2125 0.20625
2 0.35859375 0.52734375 0.1640625 0.1671875
2 0.16171875 0.5375 0.2515625 0.253125
2 0.0984375 0.69296875 0.196875 0.2953125
2 0.6609375 0.76953125 0.2671875 0.171875
2 0.33046875 0.34921875 0.2203125 0.175
2 0.50390625 0.3671875 0.1078125 0.1453125
2 0.5390625 0.54140625 0.15625 0.165625
2 0.14609375 0.36484375 0.225 0.209375
2 0.15234375 0.07109375 0.2140625 0.1421875
2 0.3859375 0.90859375 0.15625 0.171875
2 0.5546875 0.39765625 0.1140625 0.140625
2 0.6421875 0.50234375 0.09375 0.1171875
2 0.3640625 0.065625 0.128125 0.13125
0 0.16171875 0.88203125 0.2796875 0.1984375
2 0.5265625 0.15 0.20625 0.2546875
2 0.26015625 0.1796875 0.0921875 0.1625
2 0.12265625 0.18984375 0.2078125 0.2234375
2 0.44453125 0.05390625 0.1734375 0.1078125
2 0.803125 0.5890625 0.1671875 0.0734375
2 0.71875 0.18984375 0.225 0.2703125
2 0.7328125 0.63984375 0.2171875 0.1453125
2 0.96875 0.09609375 0.0625 0.1171875
2 0.87265625 0.1171875 0.1734375 0.1828125
2 0.6078125 0.06015625 0.1359375 0.1125
2 0.6515625 0.60390625 0.103125 0.1015625
2 0.6328125 0.85703125 0.2578125 0.1453125
2 0.63125 0.30390625 0.1234375 0.059375
0 0.36875 0.1890625 0.16875 0.165625
2 0.60078125 0.66328125 0.203125 0.1234375
2 0.04296875 0.35859375 0.075 0.171875
2 0.93515625 0.48828125 0.1109375 0.1765625
2 0.0765625 0.0453125 0.084375 0.090625
2 0.5046875 0.64296875 0.15 0.096875