0 0.7109375 0.22890625 0.203125 0.140625
0 0.3578125 0.26328125 0.1953125 0.1734375
0 0.8703125 0.26953125 0.19375 0.221875
0 0.78828125 0.4171875 0.1828125 0.2
0 0.5421875 0.32421875 0.240625 0.2375
0 0.44296875 0.46328125 0.190625 0.190625
0 0.146875 0.31640625 0.19375 0.1953125
0 0.2609375 0.62578125 0.2296875 0.2296875
0 0.1046875 0.50390625 0.196875 0.20625
0 0.92109375 0.440625 0.1578125 0.18125
0 0.671875 0.63046875 0.1953125 0.2125
0 0.59140625 0.484375 0.1640625 0.165625
0 0.06484375 0.34609375 0.1296875 0.1984375
0 0.84140625 0.565625 0.2046875 0.178125
0 0.240625 0.80234375 0.2328125 0.2078125
0 0.103125 0.7359375 0.1609375 0.190625
0 0.58828125 0.746875 0.2171875 0.175
0 0.271875 0.41015625 0.2328125 0.209375
0 0.44375 0.63203125 0.2125 0.20625
0 0.95390625 0.65 0.0921875 0.178125
0 0.42890625 0.78125 0.1921875 0.1703125
0 0.853125 0.69296875 0.2234375 0.18125
0 0.74453125 0.15625 0.1578125 0.1109375
0 0.95625 0.53671875 0.0875 0.1265625
0 0.24609375 0.26015625 0.115625 0.115625
0 0.13671875 0.640625 0.13125 0.128125
0 0.71171875 0.5046875 0.134375 0.14375
0 0.115625 0.86328125 0.11875 0.1109375
0 0.503125 0.19453125 0.1625 0.09375
0 0.4078125 0.35859375 0.1 0.096875
0 0.87890625 0.1796875 0.125 0.109375
0 0.04765625 0.63359375 0.0796875 0.1140625
0 0.36015625 0.53984375 0.09375 0.1015625
0 0.9 0.13046875 0.0859375 0.103125
0 0.025 0.48984375 0.05 0.1640625
0 0.01640625 0.2828125 0.0328125 0.059375
0 0.83828125 0.11640625 0.1140625 0.0625
0 0.0140625 0.3921875 0.028125 0.128125