2 0.44140625 0.7671875 0.2296875 0.40625
2 0.08828125 0.83125 0.1765625 0.33671875
2 0.80859375 0.453125 0.30703125 0.309375
2 0.91484375 0.775 0.16484375 0.34921875
2 0.140625 0.54609375 0.2734375 0.246875
2 0.34921875 0.0890625 0.2578125 0.175
2 0.66328125 0.15703125 0.18125 0.25859375
2 0.240625 0.778125 0.16484375 0.23984375
2 0.14453125 0.18828125 0.21640625 0.3
2 0.2890625 0.940625 0.23125 0.1109375
2 0.89140625 0.14921875 0.2171875 0.2015625
2 0.60234375 0.7359375 0.1109375 0.22109375
2 0.82109375 0.91484375 0.3171875 0.15625
2 0.55234375 0.08984375 0.178125 0.1796875
2 0.3640625 0.396875 0.2765625 0.26875
2 0.746875 0.74921875 0.22265625 0.28984375
2 0.35625 0.18828125 0.30625 0.153125
2 0.6125 0.3609375 0.12578125 0.2625
2 0.0546875 0.35859375 0.1078125 0.13515625
2 0.6421875 0.5734375 0.0875 0.134375
2 0.9046875 0.02890625 0.190625 0.0578125