0 0.75859375 0.27421875 0.18671875 0.1078125
0 0.40546875 0.240625 0.1703125 0.1421875
0 0.9078125 0.34453125 0.1578125 0.19453125
0 0.79921875 0.4734375 0.15078125 0.17421875
0 0.575 0.33515625 0.20703125 0.20078125
0 0.45078125 0.453125 0.1625 0.16171875
0 0.18828125 0.25234375 0.165625 0.1671875
0 0.24140625 0.578125 0.19453125 0.19609375
0 0.1109375 0.428125 0.1671875 0.17890625
0 0.9265625 0.5234375 0.1328125 0.1578125
0 0.64375 0.6609375 0.16328125 0.1859375
0 0.59296875 0.50234375 0.13984375 0.1421875
0 0.0859375 0.26328125 0.13125 0.1765625
0 0.82265625 0.6296875 0.17890625 0.1484375
0 0.1875 0.74765625 0.20234375 0.171875
0 0.065625 0.65625 0.13125 0.16796875
0 0.53984375 0.759375 0.19375 0.13984375
0 0.29296875 0.36796875 0.203125 0.17265625
0 0.41953125 0.61875 0.18359375 0.17421875
0 0.9421875 0.7390625 0.115625 0.15859375
0 0.3765625 0.7625 0.16953125 0.140625
0 0.809375 0.75703125 0.1984375 0.14453125
0 0.80546875 0.209375 0.14375 0.084375
0 0.953125 0.62578125 0.09375 0.1109375
0 0.29609375 0.21640625 0.0984375 0.09765625
0 0.11640625 0.56875 0.1125 0.11015625
0 0.70703125 0.5453125 0.1125 0.12578125
0 0.053125 0.78359375 0.10234375 0.0921875
0 0.56171875 0.20078125 0.153125 0.065625
0 0.43671875 0.34375 0.0859375 0.0828125
0 0.9328125 0.2578125 0.1078125 0.090625
0 0.03046875 0.54453125 0.0609375 0.1046875
0 0.35546875 0.5125 0.078125 0.08828125
0 0.96328125 0.21328125 0.0703125 0.090625
0 0.0234375 0.39765625 0.0453125 0.15859375
0 0.040625 0.18984375 0.07890625 0.04609375
0 0.90546875 0.18828125 0.10859375 0.04296875
0 0.02421875 0.2984375 0.04609375 0.1203125