2 0.41307043671875004 0.37549603203125004 0.30084325468750006 0.4884259265625
2 0.7683531742187499 0.4239417984375 0.4007936515625 0.46560846562499997
2 0.6238839281249999 0.18816137578125 0.262648809375 0.3763227515625
2 0.28311011875000003 0.76322751328125 0.25868055624999997 0.39351851718749986
2 0.7657490078125 0.8855820109375 0.4303075406250001 0.22817460312500004
2 0.08630952343750001 0.79100529140625 0.17261904687500002 0.41732804218749997
2 0.765873015625 0.8855820109375 0.4305555562500001 0.22817460312500004
4 0.52591765859375 0.7144510578125001 0.2477678578125001 0.3680555562500002
4 0.14930555546875 0.42096560859375 0.2986111109375 0.3988095234375
2 0.18018353203124998 0.10548941796875 0.2239583328125 0.2109788359375
2 0.058903769531250004 0.15922618984375 0.11780753906250001 0.28935185156250004