2 0.3375 0.52578125 0.07500000000000001 0.07656250000000003
2 0.4828125 0.55546875 0.0625 0.0703125
2 0.278125 0.5640624999999999 0.06875 0.05312499999999998
2 0.40546875 0.5421875 0.0859375 0.046875
2 0.41328125 0.5414062500000001 0.0703125 0.04843750000000002
2 0.3578125 0.5843750000000001 0.05624999999999997 0.03749999999999998
2 0.45078125 0.6468750000000001 0.06718750000000001 0.07187500000000002
2 0.70546875 0.5421875 0.042187500000000044 0.07500000000000007
2 0.5734375 0.33046875 0.0625 0.07656250000000003
2 0.7109375 0.37031250000000004 0.050000000000000044 0.04999999999999999
2 0.6546875000000001 0.58515625 0.07187500000000002 0.06406250000000002
2 0.34765625 0.3828125 0.07343750000000004 0.06874999999999998
2 0.29921875 0.6296875 0.06718750000000001 0.07187500000000002
0 0.5890625 0.63203125 0.0625 0.0703125
0 0.65703125 0.6703125000000001 0.08906249999999993 0.07187500000000002
0 0.56953125 0.5 0.06718750000000007 0.06562500000000004
0 0.434375 0.58203125 0.0625 0.057812500000000044
0 0.7749999999999999 0.33906250000000004 0.08437499999999998 0.08124999999999999