2 0.58482142890625 0.7205687828125 0.20535714218749995 0.18849206249999995
2 0.35453869062500004 0.41286375703125 0.164434525 0.16964285781250005
2 0.250248015625 0.40625 0.12202380937500001 0.18683862500000004
2 0.34771825390625 0.13359788359375 0.12946428593750003 0.16468253906249997
2 0.6019345234375 0.11292989453125 0.13988095312500004 0.1828703703125
2 0.7062251984375 0.25 0.14161706249999995 0.195767196875
2 0.49020337265624997 0.1517857140625 0.10540674531249994 0.23148148124999995
2 0.23462301562500001 0.16798941796875 0.134424603125 0.19179894218750002
0 0.1954365078125 0.052910053125 0.14136904687500004 0.10582010625
3 0.7358630953125 0.5315806875 0.22073412812500004 0.19345238124999997
3 0.48573908750000006 0.54398148125 0.1783234125 0.1541005281249999
3 0.52951388828125 0.34937169296875004 0.22966269843749998 0.1888227515625
2 0.38355654765625 0.73875661328125 0.11780753906249997 0.21759259218749993
2 0.4908234125 0.027116402343750002 0.12103174687500007 0.054232804687500004