2 0.28633432578125 0.2544642859375 0.19568452343749998 0.28075396875
2 0.09610615078125 0.78141534375 0.1922123015625 0.27711640312499997
2 0.29811507890625 0.846891534375 0.23561507968749995 0.25198412812499993
2 0.485987103125 0.48759920625000003 0.242311509375 0.29464285625
2 0.09561011875 0.32837301640625005 0.1912202375 0.37632275156250006
2 0.21862599140625 0.553075396875 0.3390376984375 0.39186507812499993
2 0.8959573414062499 0.5254629625 0.18377976093750004 0.19378306875
2 0.87264384921875 0.3831018515625 0.23735118906249986 0.21660052812499997
3 0.5461309523437501 0.2671957671875 0.4583333328125 0.390211640625
2 0.6878720234375 0.7141203703125 0.2993551593750001 0.38062169375
2 0.38454861093750003 0.93931878359375 0.22594245937499996 0.12070105781250007
4 0.49429563515624997 0.0734126984375 0.26636904843750003 0.146825396875
4 0.43563988124999997 0.12764550234375 0.06969245937499996 0.03968253906249998