2 0.88671875 0.4890625 0.2265625 0.2125
2 0.68203125 0.41875 0.16796875 0.2359375
2 0.1 0.20859375 0.2 0.1359375
2 0.87734375 0.69609375 0.21640625 0.24296875
2 0.41796875 0.33984375 0.18828125 0.26796875
2 0.59765625 0.89140625 0.22890625 0.13828125
2 0.82734375 0.90234375 0.1875 0.19453125
2 0.484375 0.70625 0.17265625 0.2203125
2 0.2734375 0.5609375 0.15703125 0.18203125
2 0.16796875 0.0765625 0.18359375 0.14921875
2 0.23984375 0.26015625 0.203125 0.19765625
2 0.36015625 0.10078125 0.175 0.140625
2 0.9546875 0.16953125 0.08828125 0.1703125
2 0.92265625 0.35703125 0.1546875 0.05234375
2 0.0953125 0.64765625 0.18828125 0.2625
2 0.73359375 0.7703125 0.1796875 0.19921875
2 0.42109375 0.553125 0.1203125 0.15234375
2 0.75234375 0.07265625 0.19140625 0.14375
2 0.0765625 0.31328125 0.13984375 0.0875
2 0.54453125 0.65 0.14140625 0.18828125
2 0.2953125 0.428125 0.1375 0.12265625
2 0.1359375 0.38515625 0.15234375 0.13046875
2 0.63515625 0.6578125 0.14765625 0.1859375
2 0.91640625 0.05703125 0.15 0.11328125
2 0.521875 0.1796875 0.14765625 0.20625
2 0.5515625 0.50078125 0.14375 0.16015625
2 0.5609375 0.36015625 0.10859375 0.16640625
0 0.08828125 0.93359375 0.1734375 0.1328125
2 0.06328125 0.4875 0.11953125 0.1421875
2 0.6 0.78828125 0.128125 0.1
2 0.6 0.04296875 0.1609375 0.084375
2 0.3890625 0.96640625 0.134375 0.0671875
2 0.1859375 0.4875 0.11796875 0.15078125
2 0.86015625 0.334375 0.1078125 0.0984375
2 0.47890625 0.0609375 0.128125 0.121875
2 0.1328125 0.878125 0.06953125 0.0984375
2 0.03046875 0.3703125 0.06015625 0.1546875