0 0.47152037031249994 0.51993537109375 0.18643050312499992 0.25959304218750007
0 0.2975604359375 0.69606406015625 0.20894729374999996 0.2724350890624999
0 0.55800207578125 0.772309428125 0.24553682656249987 0.34336723437499994
0 0.3509462671875 0.9063148523437501 0.21979096874999995 0.18737029531249993
0 0.7027823765625001 0.63061687421875 0.2132485125 0.26372029843750006
0 0.60643799296875 0.38095571328125 0.19583509843750013 0.27555804531249994
0 0.40617447265625 0.3199500046875 0.20570133281250003 0.24359697187500004
0 0.8501934695312501 0.2109273546875 0.16303679843750007 0.32963960937500003
0 0.5407472281250001 0.16988844609374998 0.180900934375 0.20900069531249998
0 0.41393437890625 0.07796557734375001 0.1686340234375 0.15593115468750002
0 0.25064282421875 0.49272422265625 0.18110923906249998 0.2167474734375