2 0.70546875 0.39375 0.190625 0.1890625
2 0.49140625 0.46328125 0.1859375 0.2390625
2 0.1453125 0.57421875 0.253125 0.2859375
2 0.25625 0.36796875 0.275 0.3203125
2 0.62421875 0.68046875 0.2671875 0.375
2 0.11875 0.26484375 0.23125 0.2640625
2 0.621875 0.15625 0.259375 0.3125
2 0.82578125 0.55625 0.203125 0.225
2 0.9546875 0.728125 0.090625 0.228125
2 0.50078125 0.90390625 0.2265625 0.1921875
2 0.93359375 0.86328125 0.1328125 0.1359375
2 0.87734375 0.2953125 0.2296875 0.3125
2 0.1234375 0.76875 0.1234375 0.16875
2 0.44140625 0.271875 0.171875 0.153125
2 0.73515625 0.91484375 0.2234375 0.1296875
2 0.3809077890625 0.67381411015625 0.27155998750000004 0.3506830984374999
2 0.27158481640625 0.9415988679687499 0.23735702031250003 0.11680226406250005
0 0.8492401710937499 0.7734074921875 0.2006438734375 0.2604406718750001
2 0.8056359953125001 0.09997012578125 0.2282166750000001 0.1999402515625