2 0.85390625 0.14453125 0.2921875 0.2640625
2 0.1484375 0.7921875 0.296875 0.25625
2 0.43359375 0.84296875 0.2859375 0.2375
2 0.81484375 0.90625 0.2 0.184375
2 0.07265625 0.3203125 0.1359375 0.1703125
2 0.9421875 0.56171875 0.115625 0.2953125
2 0.71171875 0.38125 0.38125 0.134375
2 0.75390625 0.63515625 0.278125 0.1296875
2 0.17421875 0.1734375 0.215625 0.2609375
2 0.7125 0.940625 0.15 0.11875
2 0.78671875 0.75703125 0.203125 0.1296875
2 0.2421875 0.08515625 0.1625 0.1703125
2 0.921875 0.8328125 0.1359375 0.2734375
2 0.39921875 0.3671875 0.0953125 0.1125
2 0.45546875 0.703125 0.1515625 0.059375
2 0.09921875 0.1171875 0.1703125 0.234375
2 0.27890625 0.45859375 0.140625 0.090625
2 0.4625 0.571875 0.190625 0.171875