2 0.83828125 0.51875 0.3 0.25
2 0.7734375 0.790625 0.2890625 0.2515625
2 0.09921875 0.34609375 0.1984375 0.3140625
2 0.35078125 0.6515625 0.2140625 0.2421875
2 0.54296875 0.45546875 0.1828125 0.196875
2 0.3609375 0.3 0.2234375 0.225
2 0.9171875 0.8421875 0.165625 0.184375
2 0.35703125 0.4859375 0.1859375 0.2
2 0.13515625 0.1578125 0.2703125 0.228125
2 0.7859375 0.375 0.1765625 0.0890625
2 0.54140625 0.83359375 0.1890625 0.2828125
2 0.403125 0.81640625 0.1796875 0.1921875
2 0.98828125 0.846875 0.0234375 0.121875
2 0.48671875 0.61953125 0.19375 0.2515625
2 0.5609375 0.15234375 0.2859375 0.2
2 0.4171875 0.93359375 0.15625 0.1328125
2 0.50546875 0.94375 0.1796875 0.1125
2 0.17109375 0.6453125 0.2703125 0.2796875
2 0.64296875 0.72421875 0.1 0.08125
2 0.16796875 0.49609375 0.265625 0.2703125
2 0.590625 0.60859375 0.096875 0.1734375
2 0.22578125 0.9109375 0.2390625 0.178125
2 0.64140625 0.48359375 0.103125 0.1234375
2 0.871875 0.703125 0.05625 0.1203125
2 0.29609375 0.83046875 0.1125 0.178125
2 0.640625 0.384375 0.1125 0.1171875
2 0.93984375 0.4640625 0.1203125 0.19375
0 0.128737678125 0.1537010171875 0.23656634999999998 0.1777996625