2 0.3244047625 0.6340939156250001 0.19345238125000006 0.28339947187500003
2 0.41728670625 0.2048611109375 0.14756944374999997 0.337632275
2 0.345362103125 0.4237764546875 0.15699404687499996 0.22123015937499996
2 0.5078125 0.509755290625 0.16889880937499996 0.262896825
2 0.32428075390625 0.63392857109375 0.1932043640625 0.28240740781250007
2 0.68824404765625 0.58201058203125 0.21726190468749995 0.40145502656250004
2 0.5064484125 0.158895503125 0.24057539687500007 0.18088624374999998
2 0.72445436484375 0.42394179921874997 0.1795634921875 0.22685185156249998
2 0.8998015875 0.1455026453125 0.18105158749999994 0.23809523750000003
3 0.50818452421875 0.8047288359375 0.2584325390625 0.262896825
2 0.37698412734375 0.87417328046875 0.17113095156249997 0.24702381093750003
3 0.52318948359375 0.32655423281249996 0.23288690468749995 0.19609788437500003
3 0.6701388890625 0.29943783046875005 0.06051587187499996 0.058531745312499994
2 0.7326388890625 0.15575396796875002 0.21180555624999986 0.31150793593750004