2 0.8921875 0.26796875 0.1796875 0.175
2 0.60390625 0.1109375 0.1796875 0.221875
2 0.1625 0.0796875 0.16875 0.15859375
2 0.21015625 0.51328125 0.19296875 0.2515625
2 0.05390625 0.38984375 0.10546875 0.17109375
2 0.36953125 0.09140625 0.240625 0.1796875
2 0.86484375 0.17109375 0.1109375 0.0734375
2 0.26484375 0.203125 0.12734375 0.1453125
2 0.85859375 0.3484375 0.12890625 0.16953125
2 0.9640625 0.34921875 0.06875 0.15625
2 0.04296875 0.5328125 0.0859375 0.15
2 0.0640625 0.0546875 0.07578125 0.109375
2 0.1875 0.21171875 0.1109375 0.14296875
2 0.7796875 0.71171875 0.14609375 0.10234375
2 0.56875 0.4296875 0.1234375 0.165625
2 0.1953125 0.3734375 0.1015625 0.0890625
2 0.27578125 0.7390625 0.17265625 0.165625
2 0.03203125 0.30390625 0.06328125 0.08828125
2 0.43671875 0.76953125 0.1359375 0.1234375
2 0.66953125 0.69921875 0.12734375 0.11875
2 0.02578125 0.66328125 0.0515625 0.08984375
2 0.4125 0.45078125 0.1453125 0.153125
2 0.7609375 0.86875 0.19296875 0.16953125
2 0.53515625 0.9453125 0.1296875 0.10703125
2 0.94609375 0.73515625 0.0671875 0.20625