3 0.5546875 0.7109375 0.1390625 0.175
3 0.64921875 0.58203125 0.14453125 0.22734375
3 0.546875 0.3859375 0.1390625 0.23515625
3 0.38515625 0.75234375 0.16015625 0.27109375
3 0.38359375 0.37421875 0.16484375 0.21171875
3 0.89765625 0.22734375 0.20390625 0.2140625
3 0.82890625 0.571875 0.22578125 0.21953125
3 0.44453125 0.54765625 0.15234375 0.184375
3 0.20546875 0.446875 0.21640625 0.27890625
3 0.8296875 0.09140625 0.18125 0.1828125
3 0.89453125 0.7203125 0.2109375 0.28125
3 0.85390625 0.40859375 0.23125 0.2375
3 0.76484375 0.2125 0.090625 0.18125
3 0.31171875 0.1796875 0.21015625 0.275
3 0.428125 0.05703125 0.121875 0.1140625
3 0.4890625 0.18046875 0.1609375 0.3015625
3 0.04609375 0.0546875 0.09140625 0.109375
3 0.66953125 0.378125 0.16328125 0.20625
3 0.57890625 0.053125 0.1265625 0.1046875
3 0.66875 0.08359375 0.11953125 0.128125
3 0.66171875 0.2109375 0.14453125 0.16640625
3 0.56875 0.91875 0.14296875 0.16171875
3 0.2953125 0.790625 0.12890625 0.23359375
3 0.74296875 0.33203125 0.08046875 0.1046875
3 0.72734375 0.81328125 0.16328125 0.1640625
3 0.95703125 0.0671875 0.0859375 0.128125
0 0.80865575390625 0.927910053125 0.2452876984375001 0.14351851875