2 0.8796875 0.24765625 0.1875 0.184375
2 0.5828125 0.1109375 0.190625 0.221875
2 0.140625 0.09765625 0.1765625 0.1671875
2 0.2109375 0.528125 0.2046875 0.2609375
2 0.05234375 0.4125 0.1046875 0.175
2 0.3484375 0.0984375 0.25 0.1921875
2 0.846875 0.15234375 0.1140625 0.0796875
2 0.25 0.215625 0.134375 0.15
2 0.85 0.3296875 0.1375 0.175
2 0.95546875 0.325 0.0765625 0.159375
2 0.04609375 0.55703125 0.0921875 0.1546875
2 0.04140625 0.078125 0.08125 0.1125
2 0.17265625 0.228125 0.1203125 0.1484375
2 0.790625 0.696875 0.1515625 0.109375
2 0.56484375 0.4265625 0.1328125 0.171875
2 0.1890625 0.38984375 0.1078125 0.0953125
2 0.28828125 0.75078125 0.18125 0.175
2 0.028125 0.32890625 0.05625 0.0921875
2 0.45078125 0.77265625 0.1421875 0.1296875
2 0.6796875 0.68984375 0.1328125 0.125
2 0.03515625 0.6875 0.05625 0.0921875
2 0.41015625 0.45546875 0.1515625 0.1609375
2 0.7796875 0.8546875 0.2015625 0.178125
2 0.55859375 0.94296875 0.134375 0.1125
2 0.9578125 0.71171875 0.078125 0.209375