2 0.8234375 0.43984375 0.2984375 0.23125
2 0.70078125 0.16171875 0.2671875 0.2203125
2 0.328125 0.35234375 0.215625 0.1703125
2 0.10234375 0.69765625 0.2046875 0.2953125
2 0.5015625 0.146875 0.1625 0.2421875
2 0.871875 0.10625 0.1453125 0.171875
0 0.1671875 0.8875 0.271875 0.1921875
0 0.3625 0.1875 0.1671875 0.1609375
2 0.53984375 0.553125 0.15625 0.190625
2 0.965625 0.0875 0.06875 0.115625
2 0.35234375 0.57109375 0.178125 0.2515625
2 0.440625 0.0546875 0.171875 0.109375
2 0.834375 0.065625 0.121875 0.0953125
2 0.3609375 0.0671875 0.140625 0.134375
2 0.13203125 0.365625 0.196875 0.20625
2 0.4203125 0.72109375 0.19375 0.2515625
2 0.5015625 0.3640625 0.10625 0.14375
2 0.115625 0.24921875 0.20625 0.1265625
2 0.54765625 0.3984375 0.1125 0.14375
2 0.2 0.0703125 0.153125 0.140625
2 0.16328125 0.54140625 0.24375 0.2484375
2 0.7109375 0.04140625 0.2375 0.059375
2 0.64296875 0.49609375 0.0921875 0.1125
2 0.25546875 0.18828125 0.090625 0.1515625
2 0.034375 0.41875 0.06875 0.2125
2 0.61796875 0.65078125 0.1671875 0.0765625
2 0.596875 0.83828125 0.2765625 0.1765625
2 0.46015625 0.48046875 0.115625 0.065625
2 0.58359375 0.06796875 0.1171875 0.134375
2 0.11328125 0.04140625 0.0859375 0.0828125