0 0.47734374999999996 0.48046875 0.21093749999999994 0.2109375
0 0.528125 0.7328125 0.20625 0.30000000000000004
0 0.75390625 0.54453125 0.1484375 0.20468749999999997
0 0.6125 0.4171875 0.140625 0.19374999999999998
0 0.203125 0.72109375 0.15000000000000002 0.26093750000000004
0 0.35390625 0.7375 0.1515625 0.275
0 0.17265625 0.4921875 0.15781250000000002 0.22187500000000004
0 0.26328125 0.271875 0.16406250000000003 0.17187499999999997
0 0.37812500000000004 0.421875 0.14375 0.19687499999999997
0 0.828125 0.7078125 0.12812500000000004 0.171875
0 0.70234375 0.75078125 0.14531250000000007 0.1953125
0 0.8453124999999999 0.496875 0.13437500000000002 0.20000000000000007