0 0.565625 0.69375 0.15 0.190625
0 0.421875 0.521875 0.2171875 0.29453125
0 0.93828125 0.26875 0.1234375 0.209375
0 0.471875 0.2796875 0.22265625 0.203125
0 0.06484375 0.45 0.1296875 0.23515625
0 0.47890625 0.16640625 0.19296875 0.17890625
0 0.63359375 0.36640625 0.18359375 0.19375
0 0.95 0.4921875 0.1 0.271875
0 0.19296875 0.6015625 0.18671875 0.2046875
0 0.1921875 0.3015625 0.190625 0.16171875
0 0.09921875 0.08671875 0.14140625 0.16953125
0 0.7296875 0.1859375 0.1359375 0.1171875
0 0.81875 0.34609375 0.1984375 0.290625
0 0.73125 0.50390625 0.13828125 0.17890625
0 0.63203125 0.0890625 0.16953125 0.17734375
0 0.8796875 0.090625 0.20390625 0.17734375
0 0.33046875 0.19765625 0.14140625 0.18828125
0 0.32734375 0.353125 0.10703125 0.18203125
0 0.20234375 0.1703125 0.11015625 0.11953125
0 0.28671875 0.07578125 0.1609375 0.14609375
0 0.7640625 0.678125 0.16328125 0.12109375
0 0.06953125 0.3640625 0.13046875 0.0890625