2 0.64921875 0.6765625 0.2546875 0.29375
2 0.43125 0.61640625 0.20859375 0.3375
2 0.50234375 0.21796875 0.36015625 0.4265625
2 0.86953125 0.1515625 0.2546875 0.303125
2 0.8703125 0.50625 0.25625 0.41015625
2 0.2859375 0.29609375 0.303125 0.4390625
2 0.25078125 0.65703125 0.20234375 0.284375
2 0.47890625 0.9265625 0.24296875 0.1375
2 0.8734375 0.8828125 0.2515625 0.21484375
2 0.1109375 0.6859375 0.178125 0.2171875
2 0.31953125 0.89140625 0.16796875 0.21171875
2 0.11015625 0.121875 0.21640625 0.23828125
2 0.090625 0.41796875 0.18125 0.3515625
2 0.01875 0.63984375 0.0359375 0.14765625