0 0.43125 0.6921875 0.153125 0.19375
0 0.57734375 0.5234375 0.2234375 0.296875
0 0.065625 0.2609375 0.1265625 0.2109375
0 0.53203125 0.28046875 0.225 0.20625
0 0.934375 0.45703125 0.13125 0.2359375
0 0.5265625 0.1671875 0.1953125 0.1828125
0 0.36875 0.3640625 0.1859375 0.196875
0 0.05078125 0.48359375 0.1015625 0.2734375
0 0.80546875 0.60703125 0.1890625 0.20625
0 0.8109375 0.30703125 0.19375 0.165625
0 0.9078125 0.09375 0.1453125 0.1734375
0 0.27578125 0.18203125 0.1359375 0.11875
0 0.184375 0.340625 0.2046875 0.29375
0 0.26875 0.5 0.140625 0.18125
0 0.37421875 0.08828125 0.1734375 0.1765625
0 0.1265625 0.0875 0.20625 0.175
0 0.675 0.20078125 0.1453125 0.1921875
0 0.675 0.35625 0.1109375 0.1828125
0 0.803125 0.17578125 0.1125 0.1203125
0 0.7203125 0.0796875 0.1640625 0.1484375
0 0.2328125 0.6734375 0.1640625 0.125
0 0.9328125 0.371875 0.13125 0.0921875