2 0.340625 0.6265625 0.35 0.284375
2 0.6265625 0.92734375 0.23125 0.1453125
2 0.4140625 0.896875 0.221875 0.2046875
2 0.871875 0.37578125 0.25625 0.1890625
2 0.28828125 0.31015625 0.2421875 0.2875
2 0.7046875 0.44296875 0.2234375 0.2890625
2 0.49375 0.22421875 0.2375 0.29375
2 0.896875 0.140625 0.20625 0.253125
2 0.15 0.484375 0.2390625 0.2484375
2 0.80234375 0.61953125 0.1828125 0.23125
2 0.18203125 0.1859375 0.196875 0.2375
2 0.690625 0.184375 0.2 0.296875
2 0.925 0.82421875 0.1296875 0.2328125
2 0.046875 0.321875 0.0890625 0.24375
0 0.778125 0.8375 0.203125 0.2484375
2 0.50625 0.45 0.171875 0.19375
2 0.2265625 0.75 0.15625 0.0609375
2 0.05859375 0.64140625 0.1171875 0.2328125