2 0.64140625 0.33515625 0.2015625 0.3015625
2 0.41015625 0.42890625 0.14609375 0.07734375
2 0.61171875 0.88125 0.13125 0.16484375
2 0.2578125 0.7125 0.1015625 0.1390625
2 0.6 0.28828125 0.040625 0.08671875
2 0.8921875 0.4828125 0.08125 0.11953125
2 0.84375 0.02421875 0.09453125 0.04765625
2 0.37109375 0.4078125 0.040625 0.034375
2 0.3296875 0.56328125 0.2375 0.15703125
2 0.4796875 0.10234375 0.22421875 0.2046875
2 0.09453125 0.82734375 0.18671875 0.13984375
2 0.0875 0.4984375 0.17421875 0.18984375
2 0.89921875 0.1109375 0.196875 0.22109375
2 0.83125 0.0703125 0.14921875 0.1390625
2 0.2546875 0.82109375 0.178125 0.2140625
2 0.87578125 0.89296875 0.228125 0.2109375
2 0.26171875 0.25546875 0.165625 0.109375
2 0.20234375 0.375 0.103125 0.2046875
2 0.31015625 0.07109375 0.1328125 0.1421875
2 0.1765625 0.725 0.0796875 0.26953125
2 0.78125 0.2171875 0.07734375 0.246875
2 0.1015625 0.23828125 0.16640625 0.08203125
2 0.8953125 0.56875 0.10546875 0.175
2 0.54375 0.42734375 0.0875 0.11953125
2 0.703125 0.14765625 0.19921875 0.2046875
2 0.07578125 0.68671875 0.14921875 0.1453125
2 0.4484375 0.225 0.1828125 0.1296875
2 0.65859375 0.03828125 0.1578125 0.0765625
2 0.38515625 0.17890625 0.07578125 0.103125
2 0.62890625 0.5859375 0.190625 0.20546875
2 0.9546875 0.6734375 0.090625 0.1
2 0.58203125 0.49609375 0.09921875 0.04609375