2 0.8078125 0.7328125 0.37421875 0.221875
2 0.4953125 0.74140625 0.18125 0.28125
2 0.3046875 0.82109375 0.27734375 0.34609375
2 0.834375 0.3125 0.1921875 0.16796875
2 0.05859375 0.5453125 0.11171875 0.26875
2 0.8015625 0.56015625 0.1796875 0.06953125
2 0.5984375 0.19453125 0.27109375 0.18046875
2 0.13203125 0.1890625 0.24921875 0.18203125
2 0.30234375 0.43046875 0.16328125 0.10859375
2 0.1390625 0.3890625 0.14375 0.08203125
2 0.40625 0.26484375 0.16484375 0.1359375
2 0.95234375 0.92421875 0.090625 0.15
2 0.64375 0.6953125 0.121875 0.196875