2 0.5209573414062499 0.18187830703125002 0.2929067453125 0.36375661406250004
2 0.3737599203125 0.56365740703125 0.25 0.30390211718750004
2 0.13256448437499999 0.5201719578125 0.26512896874999997 0.303571428125
2 0.16679067421875 0.81332671953125 0.3335813484375 0.3726851859375
2 0.08234126953125001 0.234623015625 0.16468253906250002 0.34160052812499997
2 0.7808779757812501 0.13326719609374998 0.24280753906250008 0.26653439218749997
2 0.23524305625 0.12417328046875001 0.19072420625000003 0.24834656093750002
2 0.41641865078124995 0.8670634921875 0.1731150796875 0.265211640625
0 0.8813244046875 0.63508597890625 0.236855159375 0.3435846546875
2 0.6440972218750001 0.61309523828125 0.3159722218750001 0.39748677343750005
2 0.93477182578125 0.30588624375 0.12996031718750012 0.39682539687500007
2 0.58494543671875 0.88194444453125 0.21701388906249997 0.23544973593750007
2 0.3029513890625 0.3265542328125 0.20858135 0.23313492187500004
2 0.751612103125 0.38095238125 0.29737103125 0.27777777812500004