2 0.88984375 0.75703125 0.20625 0.20625
2 0.60546875 0.2578125 0.4765625 0.2984375
3 0.578125 0.6453125 0.3359375 0.36875
2 0.16484375 0.6375 0.2796875 0.146875
3 0.19296875 0.36796875 0.2875 0.3453125
2 0.67265625 0.9265625 0.1046875 0.146875
3 0.4171875 0.084375 0.23125 0.16875
2 0.2203125 0.76484375 0.38125 0.2265625
2 0.23125 0.10078125 0.15625 0.2015625
3 0.8484375 0.5546875 0.1859375 0.23125
2 0.7203125 0.09296875 0.3515625 0.178125
2 0.96015625 0.30234375 0.0796875 0.1578125
2 0.3578125 0.52734375 0.0484375 0.075
2 0.93984375 0.4296875 0.1015625 0.1390625
2 0.88046875 0.44140625 0.140625 0.15
2 0.8109375 0.04375 0.1640625 0.0796875
2 0.540625 0.03359375 0.0765625 0.0671875
2 0.4375 0.0296875 0.18125 0.059375
2 0.76328125 0.27734375 0.159375 0.1953125
2 0.84453125 0.3390625 0.0890625 0.2171875