2 0.25887810390625 0.5108795421875 0.2185765734375 0.206624825
2 0.58249518046875 0.26436755781250004 0.21475483281249996 0.271477478125
2 0.44754998515625 0.42082041015625 0.16501756093749997 0.27809104531249995
2 0.78249196484375 0.66250043515625 0.2814524328125 0.3646391671874999
2 0.54851918203125 0.56570960859375 0.2226348734375 0.3031928671875001
2 0.14868904375 0.812253203125 0.19945117812500002 0.24257899687499995
2 0.26585567734375004 0.93577434765625 0.1597330609375 0.1284513046875
2 0.28783854453125 0.70943199609375 0.19784685781249994 0.2408150859375
0 0.43988875078124995 0.8675727625 0.17237722343749995 0.26485447500000003
2 0.58042136953125 0.8205973156249999 0.14318229531249993 0.2196201875
2 0.8372378640625 0.9091956218749999 0.24338971875000004 0.12562218437499995
0 0.6640824671875001 0.9443430453125 0.11222263124999998 0.08371799999999996
2 0.9612514773437499 0.77311040078125 0.07749704531250001 0.26383342343749994