2 0.33828125 0.3375 0.3203125 0.18984375
2 0.34375 0.0953125 0.115625 0.15
2 0.715625 0.56328125 0.2171875 0.2921875
2 0.9109375 0.63359375 0.1734375 0.2671875
2 0.26171875 0.62890625 0.2328125 0.16015625
2 0.6609375 0.07265625 0.17578125 0.14453125
2 0.4890625 0.13984375 0.1921875 0.20859375
2 0.4859375 0.775 0.2265625 0.278125
2 0.8890625 0.87265625 0.21328125 0.2375
2 0.17578125 0.821875 0.2 0.18828125
2 0.81953125 0.396875 0.1484375 0.20078125
2 0.47265625 0.5515625 0.23359375 0.18203125
2 0.69453125 0.82890625 0.190625 0.2578125
2 0.93828125 0.18125 0.10859375 0.2140625
2 0.078125 0.30859375 0.0921875 0.15390625
2 0.8828125 0.05078125 0.13828125 0.1015625
2 0.21796875 0.78203125 0.178125 0.06796875
2 0.03984375 0.63125 0.07578125 0.1203125
2 0.42890625 0.721875 0.1125 0.16015625
2 0.7921875 0.16484375 0.196875 0.2625