2 0.729538690625 0.25049603125000003 0.13467261875000003 0.23181216875000002
2 0.290674603125 0.1951058203125 0.132440475 0.208333334375
2 0.5261656742187499 0.6823743382812499 0.1421130953125 0.1696428578125001
2 0.2358630953125 0.18501984140625 0.01884920625 0.052579364062499995
2 0.45721726171875 0.041501322656250006 0.020585317187500007 0.0109126984375
2 0.45076884921875005 0.0186838625 0.01810515781249994 0.03141534375
2 0.4718501984375 0.034887565625 0.008184525000000054 0.012896825
2 0.440476190625 0.42956349140624994 0.16319444374999997 0.19510582031249996
2 0.6211557546875001 0.07754629609375 0.11879960312500004 0.1550925921875
2 0.29104662734375 0.6043320101562499 0.12326388906249994 0.2053571421874999
3 0.743799603125 0.52910052890625 0.007936509375000012 0.010582010937499997
3 0.42088293671875 0.86276455 0.13392857031249994 0.22089947187499992
2 0.35974702421875004 0.365740740625 0.11731150781250005 0.125
3 0.42584325390625 0.078042328125 0.22519841406250002 0.15608465625
3 0.695064484375 0.55505952421875 0.16592261875000003 0.2833994703125