2 0.6124181656250001 0.39999600546875 0.30407594687499995 0.4779373296875
2 0.25669459765625 0.36161744609375 0.3960708328125 0.4656084640625
2 0.45614422578125 0.17748287578125 0.26173268593750004 0.3549657515625
2 0.6427132578125 0.80539800234375 0.27454054687499996 0.38920399531249994
2 0.178282690625 0.81330888828125 0.35656538125 0.23400216093749993
2 0.8338220515625001 0.83404459296875 0.24063191249999993 0.3319108140625
2 0.16613435468749999 0.833131296875 0.33226870937499997 0.25877253437500014
4 0.42414083671875 0.7021059203125 0.25653794531250007 0.36594462812500006
4 0.84252832578125 0.5054704664062499 0.31494334843749994 0.37994208906249993
2 0.89678006328125 0.19178833203125 0.20643987343749992 0.2114699859375
2 0.9609206632812499 0.2627588875 0.07815867343750005 0.278282846875