2 0.75625 0.3046875 0.146875 0.20625
2 0.32578125 0.1109375 0.18984375 0.17421875
2 0.26015625 0.90703125 0.19921875 0.18046875
2 0.48125 0.80703125 0.128125 0.18359375
2 0.159375 0.2734375 0.1546875 0.12890625
2 0.4953125 0.5875 0.1703125 0.11328125
2 0.76640625 0.5578125 0.13515625 0.140625
2 0.2140625 0.07109375 0.11328125 0.1421875
2 0.128125 0.4921875 0.1546875 0.171875
2 0.5328125 0.1078125 0.1984375 0.1515625
2 0.628125 0.559375 0.13203125 0.15546875
2 0.56328125 0.2765625 0.1515625 0.16796875
2 0.3765625 0.73046875 0.121875 0.18515625
2 0.24765625 0.37890625 0.1515625 0.15703125
2 0.6375 0.3859375 0.13515625 0.14453125
2 0.8265625 0.82578125 0.23046875 0.30078125
2 0.50078125 0.36953125 0.11875 0.30078125
2 0.915625 0.32265625 0.13515625 0.15859375
2 0.3515625 0.5421875 0.15625 0.1921875
2 0.43046875 0.94453125 0.13984375 0.10546875
2 0.9640625 0.55 0.065625 0.18203125
2 0.17578125 0.18125 0.1140625 0.0421875
2 0.6 0.72890625 0.1234375 0.1875
2 0.04296875 0.8671875 0.0859375 0.25703125
2 0.4046875 0.403125 0.07734375 0.1
2 0.3359375 0.0140625 0.128125 0.028125