2 0.6542824328125001 0.554106040625 0.07710684999999995 0.0778685375
2 0.5060495140625 0.56025195078125 0.06285687499999998 0.06658614218750003
2 0.7073204343749999 0.60167883359375 0.06804878125000002 0.050790070312499935
2 0.5871614046875 0.5560101515625 0.07698544374999994 0.048943493749999956
2 0.5785601640625 0.5507660234375 0.06708454375000006 0.046435818750000024
2 0.6257664070312501 0.60783936171875 0.055056351562499994 0.03609526093750004
2 0.5234995515625 0.65368301328125 0.06510468437500011 0.06981612031250006
2 0.29099919218750003 0.5055597828125 0.04406258749999997 0.07120061249999998
2 0.45685851328125004 0.32060967421875 0.06188662656249999 0.07513946093749996
2 0.31489168359374997 0.33531636796875 0.052201248437500014 0.05063164531249997
2 0.33305074140625 0.55596286171875 0.07152837031249998 0.06564884843750007
2 0.6707381609375 0.41038177578125 0.0713589843750001 0.06861602031250003
2 0.676446515625 0.66244363046875 0.06804858125000002 0.07439328281250002
0 0.38903964375 0.6137136609375 0.062155418750000024 0.06839688124999999
0 0.31571233984375 0.641536421875 0.08898328593749999 0.06892585000000007
0 0.43193007421874996 0.48752103750000003 0.0668635265625 0.06507583437500009
0 0.55005221875 0.59271284921875 0.060747550000000095 0.05769447656250004
0 0.257285875 0.29364994375 0.08055417499999995 0.08465243750000001