2 0.171875 0.5828125 0.265625 0.203125
2 0.28671875 0.8375 0.25390625 0.2046875
2 0.8921875 0.26796875 0.20546875 0.27890625
2 0.67578125 0.6203125 0.17578125 0.21171875
2 0.44921875 0.46484375 0.153125 0.17109375
2 0.5984375 0.27734375 0.1890625 0.19140625
2 0.153125 0.91640625 0.14375 0.159375
2 0.6375 0.45859375 0.1546875 0.17265625
2 0.803125 0.0921875 0.2640625 0.18046875
2 0.1953125 0.43203125 0.16796875 0.05703125
2 0.52265625 0.83515625 0.1421875 0.2609375
2 0.65546875 0.7921875 0.15078125 0.165625
2 0.04453125 0.9421875 0.0890625 0.10625
2 0.5359375 0.61484375 0.15390625 0.22578125
2 0.37421875 0.1703125 0.2609375 0.1546875
2 0.66640625 0.92109375 0.13359375 0.13203125
2 0.58125 0.94765625 0.16328125 0.10390625
2 0.85078125 0.5796875 0.228125 0.2421875
2 0.40234375 0.74765625 0.08984375 0.065625
2 0.825 0.4328125 0.22578125 0.23203125
2 0.43203125 0.62421875 0.06640625 0.16484375
2 0.8546875 0.88984375 0.2 0.2203125
2 0.3578125 0.5109375 0.0828125 0.109375
2 0.1734375 0.7703125 0.0359375 0.115625
2 0.76328125 0.78515625 0.08203125 0.165625
2 0.33984375 0.41328125 0.09453125 0.1015625
2 0.0609375 0.54921875 0.08671875 0.17890625
0 0.8031250000000001 0.0890625 0.259375 0.178125