2 0.26953125 0.275 0.1703125 0.221875
2 0.7203125 0.13515625 0.209375 0.196875
2 0.6875 0.915625 0.21875 0.16875
2 0.48125 0.80703125 0.15 0.196875
2 0.865625 0.31640625 0.1703125 0.146875
2 0.49375 0.5875 0.184375 0.1328125
2 0.22890625 0.525 0.1515625 0.15625
2 0.8359375 0.109375 0.1296875 0.1546875
2 0.8703125 0.5375 0.1765625 0.1890625
2 0.51484375 0.10703125 0.2140625 0.1765625
2 0.365625 0.54296875 0.15 0.1703125
2 0.4640625 0.2703125 0.1703125 0.1859375
2 0.59453125 0.74375 0.14375 0.2
2 0.76484375 0.4109375 0.1703125 0.175
2 0.37734375 0.3703125 0.1515625 0.159375
2 0.1359375 0.78359375 0.265625 0.328125
2 0.51484375 0.3703125 0.1546875 0.3140625
2 0.109375 0.2734375 0.153125 0.1734375
2 0.6421875 0.56015625 0.178125 0.2078125
2 0.51484375 0.94453125 0.1515625 0.1109375
2 0.03828125 0.4921875 0.0765625 0.1875
2 0.8609375 0.2234375 0.11875 0.0578125
2 0.37265625 0.71484375 0.146875 0.2015625
2 0.90859375 0.89375 0.1171875 0.2125
2 0.60625 0.415625 0.0890625 0.109375
2 0.721875 0.0375 0.13125 0.04375