2 0.81875 0.4171875 0.284375 0.2125
2 0.6765625 0.1484375 0.25390625 0.2046875
2 0.31796875 0.36484375 0.20546875 0.15625
2 0.10703125 0.7265625 0.20859375 0.28125
2 0.4765625 0.14765625 0.14609375 0.23359375
2 0.84375 0.08125 0.134375 0.1625
0 0.1953125 0.909375 0.2609375 0.175
0 0.34140625 0.19765625 0.15703125 0.15
2 0.54375 0.55 0.14375 0.18125
2 0.953125 0.0546875 0.09375 0.109375
2 0.3578125 0.58125 0.1625 0.23984375
2 0.41015625 0.0546875 0.16484375 0.10859375
2 0.803125 0.04375 0.115625 0.0875
2 0.33203125 0.0765625 0.13125 0.12890625
2 0.1234375 0.39140625 0.18515625 0.19375
2 0.4359375 0.72578125 0.17734375 0.23984375
2 0.4921875 0.3640625 0.09765625 0.13828125
2 0.09921875 0.2765625 0.1984375 0.11328125
2 0.540625 0.3953125 0.103125 0.13671875
2 0.16953125 0.07890625 0.1421875 0.15703125
2 0.1671875 0.56484375 0.22890625 0.2328125
2 0.678125 0.028125 0.23515625 0.04453125
2 0.6421875 0.4859375 0.08515625 0.10625
2 0.234375 0.20625 0.0828125 0.146875
2 0.02890625 0.4515625 0.05703125 0.2078125
2 0.628125 0.6421875 0.1609375 0.0640625
2 0.6203125 0.83046875 0.2640625 0.15859375
2 0.45859375 0.48359375 0.1125 0.05859375
2 0.553125 0.06328125 0.109375 0.1265625
2 0.08125 0.0546875 0.078125 0.109375