2 0.2593005953125 0.48230820078125 0.218501984375 0.2053571421874999
2 0.60987103203125 0.27926587343750003 0.2108134921875 0.278108465625
2 0.4578373015625 0.41484788359375 0.16765873124999997 0.28141534531250006
2 0.75979662734375 0.69477513203125 0.2864583328125 0.36111111093750003
2 0.54365079375 0.57242063515625 0.23561507812499993 0.3022486765625
2 0.113715278125 0.7686838625 0.20362103125 0.24437830625
2 0.21564980156249997 0.9201388890625 0.16939484062499996 0.159060846875
2 0.26426091328125 0.6817129625 0.1981646828125 0.24636243437500016
0 0.39471726171875 0.862103175 0.17633928593750003 0.27513227500000004
2 0.5407986109375 0.8326719578124999 0.1242559531250001 0.22288359687499992
2 0.78162202421875 0.94113756640625 0.24280753906249997 0.11706349218750012
0 0.60739087265625 0.95965608515625 0.10813492031250005 0.08002645468750003
2 0.9511408734375 0.8277116398437501 0.09722222187499996 0.26984127031250005