2 0.68984375 0.37109375 0.3515625 0.2484375
2 0.73046875 0.1328125 0.1421875 0.16875
2 0.2765625 0.52109375 0.2703125 0.328125
2 0.090625 0.55234375 0.18125 0.2953125
2 0.709375 0.671875 0.259375 0.203125
2 0.4234375 0.06875 0.2 0.1375
2 0.5796875 0.1484375 0.2265625 0.240625
2 0.46171875 0.77265625 0.2765625 0.3171875
2 0.08671875 0.79140625 0.1734375 0.2734375
2 0.75703125 0.878125 0.2328125 0.221875
2 0.20625 0.3375 0.184375 0.225
2 0.5171875 0.55546875 0.2625 0.221875
2 0.24609375 0.7859375 0.2359375 0.2890625
2 0.1296875 0.10859375 0.146875 0.2171875
2 0.94453125 0.39296875 0.1109375 0.1703125
2 0.21015625 0.02421875 0.1546875 0.0484375
2 0.72265625 0.83046875 0.1875 0.1
2 0.9265625 0.71640625 0.0984375 0.13125
2 0.52734375 0.73125 0.140625 0.178125
2 0.2765625 0.13125 0.24375 0.2625