2 0.68752322578125 0.22754461015625 0.20529141406249996 0.27228957656249997
2 0.91732334921875 0.72753601796875 0.16535330156249994 0.2660504734374999
2 0.7424264109375001 0.81773611171875 0.2237290343749999 0.2642294046875
2 0.5120383703125 0.48626071406250004 0.24124686249999994 0.29523921875
2 0.8811994851562499 0.27849217343750005 0.19071676718749997 0.3702340625
2 0.7856528109375001 0.51553925625 0.3399990062499999 0.38657459375
2 0.11124936875 0.57334028984375 0.18173363124999997 0.19284060781249995
2 0.11864017890624999 0.427578903125 0.23212264218749998 0.21077490937499999
3 0.40494890546874995 0.27268144609375 0.3901899484375 0.4248468078125
2 0.3380954921875 0.73923067109375 0.3113806375 0.36751277968750007
2 0.66846706328125 0.92226905625 0.22000387343750005 0.11904761874999992
4 0.45321000703125003 0.07536461640625 0.2609173609375 0.1464972234375
4 0.519600390625 0.1213019828125 0.06524321562499996 0.04112025